-5.6352,-5.1823
1.276,-1.0395
-4.4893,-4.6679
-4.4747,-4.9653
1.4022,-1.3046
0.58297,-2.876
1.6401,-2.3164
-3.4069,-5.6403
-3.0166,-5.7475
4.3475,-5.555
1.5415,-3.9006
2.1726,-2.395
-0.74735,-4.1944
-3.2592,-5.4315
-3.9556,-5.3686
3.8545,-5.5139
2.7286,-3.3022
1.899,-5.3235
-1.1683,-3.1292
-0.92601,-5.648
0.1664,-2.702
-4.6299,-5.3515
-4.9061,-4.7375
4.5353,-5.6261
2.1638,-3.5387
3.0883,-5.6386
-2.2197,-4.2569
-5.8596,-4.2574
-2.4292,-4.9152
2.5934,-4.3835
-3.0575,-5.3973
3.6742,-8.349
-2.2891,-5.0851
4.1498,-5.7092
-2.5664,-4.0633
-4.2579,-3.9428
2.654,-7.5411
-1.4357,-5.8919
3.1402,-4.8607
0.86029,-2.0278
2.2038,-4.542
-4.3568,-4.6546
-5.547,-5.369
0.95974,-3.2666
1.6109,-3.6735
0.23779,-3.2752
4.0859,-5.8734
1.6533,-5.1626
1.3953,-2.3913
-3.2328,-7.3154
3.0225,-6.4193
1.9136,-4.0034
-4.0219,-4.1382
-3.7771,-4.35
-2.917,-4.7068
-0.41389,-2.3891
4.4175,-6.9789
4.1823,-5.8995
0.26044,-3.2689
-0.91268,-5.6112
-3.9253,-5.1059
3.391,-6.8984
2.2002,-4.9526
2.3806,-3.813
3.3688,-7.2365
2.1314,-6.6077
-0.028415,-1.8209
-0.51338,-5.0285
-2.759,-6.2398
-4.0627,-4.1588
1.516,-2.6936
3.1108,-6.2551
2.3034,-7.0928
2.2443,-3.8963
-5.0468,-5.003
2.7273,-4.1694
3.4082,-6.9067
-0.49624,-6.351
2.572,-6.0165
2.7538,-3.6475
-6.5834,-5.1143
2.379,-5.4454
2.9851,-3.6212
1.0275,-2.3599
-0.021422,-3.3972
2.4622,-7.0674
-1.189,-4.5844
0.15589,-2.2478
-1.0909,-5.0798
-2.2589,-4.4234
1.0257,-4.2089
2.922,-5.8209
2.2029,-2.168
1.3406,-1.7692
-1.8256,-4.5021
1.4765,-3.7348
-0.18806,-3.5019
-2.1468,-6.1791
-0.28783,-2.5002
-3.3854,-5.1036
3.3517,-6.9909
1.4487,-6.3548
1.4655,-2.3669
0.23271,-1.7175
-0.98874,-3.7783
0.71635,-1.8752
-3.3803,-4.0125
-1.2859,-4.898
-2.9776,-4.2895
1.7074,-4.2022
-3.5467,-5.9096
2.0713,-4.7681
1.5385,-5.4958
2.4809,-5.5246
-2.204,-6.0109
1.5455,-4.9473
1.3878,-4.2982
-0.57742,-2.8147
-1.3297,-4.4221
0.98728,-2.2746
-1.5691,-5.2721
3.2476,-7.9408
0.20127,-2.0417
2.9397,-5.3697
3.0069,-7.5263
1.8201,-1.2814
0.96596,-2.0546
-1.4338,-4.8103
1.5043,-3.0947
0.046558,-2.9949
2.7076,-5.2953
1.5712,-2.3733
-2.3546,-4.9638
0.87332,-4.1328
3.7999,-6.9865
-3.6664,-3.5023
-1.3486,-4.4232
2.3586,-2.0921
1.6831,-4.1198
0.47832,-1.2183
2.482,-4.2801
1.8763,-2.3778
2.5142,-7.3538
1.7415,-6.8674
3.1665,-5.5271
2.2708,-4.0605
2.5248,-5.3559
-4.8224,-5.0212
1.4198,-2.5627
-0.83885,-5.2937
2.7985,-4.3531
4.2691,-5.4751
-5.3752,-4.13
2.2227,-2.9748
-4.2404,-5.2084
-1.8571,-4.8627
2.5145,-4.1089
-2.8938,-4.3922
3.8677,-5.5567
1.4336,-3.4771
2.3211,-2.3969
1.3555,-2.8597
4.3448,-6.5444
2.2803,-3.6242
1.2319,-4.543
-3.2634,-4.9031
3.4436,-7.4395
0.92848,-5.4508
2.3762,-6.2156
-3.1392,-5.2846
3.3597,-6.1769
0.065034,-3.359
-3.1406,-5.4899
2.9064,-1.814
0.65111,-3.5858
3.5071,-4.2555
-4.7484,-5.8055
-1.6443,-3.8503
1.3227,-2.9367
-4.4033,-3.4735
0.070895,-1.0864
1.6784,-3.7497
-0.601,-3.3986
0.81322,-5.1604
1.349,-5.5333
-2.9045,-3.3204
-1.2505,-4.6587
-1.6821,-4.8781
2.9718,-6.8016
3.6049,-6.4331
3.6271,-4.9969
-2.0327,-5.9633
4.608,-4.6387
-1.0755,-5.794
1.5541,-4.0934
2.333,-6.2584
1.3088,-4.3325
-3.2116,-4.7519
-1.8837,-4.4358
-0.94422,-2.7319
3.0369,-6.5485
-4.5398,-5.0432
-2.967,-5.3894
0.77729,-2.0286
-1.8891,-5.215
2.9692,-3.7571
1.7211,-6.2222
-4.0038,-5.2001
3.2733,-3.2989
3.8731,-7.475
0.98298,-1.8241
-2.1219,-4.0851
2.8229,-7.164
-4.7295,-4.7433
-2.6532,-3.6077
-1.7213,-4.4825
3.7194,-5.1805
-5.1984,-5.3469
2.4356,-6.5535
0.33134,-2.4298
-0.88965,-4.402
3.136,-5.0225
-1.5058,-5.6286
1.8208,-3.0944
-2.6978,-4.2256
3.3511,-5.7242
3.132,-4.2426
1.5407,-3.0698
-4.1939,-4.8913
2.7816,-6.02
-3.4705,-5.294
3.5775,-5.4356
1.8553,-6.0202
0.4954,-4.2294
2.8481,-5.682
2.5033,-6.297
3.6017,-6.3406
-5.5754,-5.5336
2.0275,-1.5157
1.8343,-5.8082
1.8554,-6.3293
2.1373,-6.4185
-0.87745,-5.3197
1.5818,-3.5182
2.742,-5.9136
1.4234,-4.4857
-2.4312,-6.8985
-2.5014,-5.6606
1.5549,-3.1567
0.69473,-2.9132
-1.4744,-3.6547
-2.8836,-4.1444
-4.1722,-5.3246
-3.1613,-5.0105
1.41,-6.5539
-5.7808,-4.9037
-3.5036,-4.2054
-3.3598,-4.6518
-2.9004,-4.7839
1.8604,-5.9488
-3.7753,-5.0487
2.3135,-7.3322
-4.5966,-5.5554
-0.49304,-3.4286
-3.9718,-3.8539
3.1135,-5.8102
-4.1814,-5.0034
2.5829,-4.3712
0.31754,-2.363
-0.80708,-3.5482
-0.16492,-1.4438
2.1577,-6.2871
0.98096,-2.2944
3.408,-6.2454
2.8916,-5.5563
3.5312,-5.0204
3.9132,-6.1775
1.8928,-1.5429
0.88786,-3.0194
1.9363,-0.11541
2.7951,-5.091
1.3988,-1.8494
-2.5253,-5.8761
2.3935,-4.8172
3.6759,-4.7753
-1.6038,-4.3494
1.9015,-5.5642
-4.4773,-3.8412
3.3882,-5.4985
1.0175,-1.6165
1.2124,-2.2159
-3.2542,-5.4898
-3.4982,-5.4815
-3.8439,-5.6782
0.47302,-3.626
3.9506,-5.7351
2.6603,-3.3737
-1.9883,-4.4768
3.9421,-4.0799
0.24467,-2.3563
4.5364,-5.3867
2.3222,-5.0893
-2.6252,-4.6576
-3.4246,-4.298
-3.1948,-4.871
2.2313,-5.4285
4.5946,-4.5163
3.6266,-4.3907
1.5508,-4.6818
-3.5121,-5.2907
-2.5488,-4.4282
-4.7606,-4.8519
2.3466,-1.688
0.66275,-2.0352
0.4747,-2.2489
3.1963,-4.0213
-3.4543,-4.9325
-0.4706,-1.3535
1.6769,-6.7885
2.9821,-2.7332
3.9921,-6.1949
0.24252,-2.5538
-4.0317,-5.2002
5.5429,-4.7092
-4.0795,-5.3994
3.3558,-2.4338
-3.3268,-5.271
2.438,-6.2299
3.0541,-1.449
-6.7591,-3.267
2.5115,-7.1666
-3.6281,-3.8419
2.3154,-3.6865
-5.0411,-4.8164
0.41819,-4.2897
-3.0035,-5.298
2.2148,-6.9632
0.0080243,-2.8258
1.8958,-2.6982
4.1065,-3.6543
1.7521,-5.0601
2.938,-5.5128
-0.34201,-4.8628
-5.9212,-6.201
1.6903,-3.2344
2.9964,-6.8582
2.2113,-2.2993
0.66394,-4.357
-1.967,-5.0369
0.94996,-3.064
2.383,-2.9382
-2.3367,-5.7194
4.0796,-7.5623
-3.0954,-4.2007
-2.8723,-5.8914
0.4668,-2.8166
3.7425,-5.6708
1.5051,-6.7955
-3.7969,-5.8032
3.5492,-6.4849
-4.1418,-5.4843
0.72987,-4.5229
-3.6884,-4.4874
-2.584,-5.1943
-4.8365,-3.7235
-2.6599,-5.2904
2.7226,-3.597
0.058494,-5.0147
1.3793,-6.663
-0.90561,-5.8353
3.413,-5.6972
3.3028,-6.7407
0.38053,-4.2632
2.1652,-5.7157
4.5692,-5.9695
3.5243,-6.2733
-0.73435,-3.0761
-0.57181,-6.0263
2.0377,-2.5582
-3.4485,-5.2593
3.2627,-5.3436
-3.9853,-5.1945
-3.472,-4.9755
0.86859,-1.9286
1.2654,-4.3506
0.78892,-2.3558
-0.61518,-3.7337
0.41453,-2.1758
-4.0358,-5.3115
2.9521,-5.0127
1.5874,-5.5536
1.3706,-5.7216
-0.76351,-0.44595
3.3803,-5.4547
-3.9125,-3.8819
1.4321,-3.729
0.96115,-4.8097
3.3165,-8.1716
1.6195,-6.0561
3.3163,-6.5939
1.2788,-6.4117
-5.5461,-5.5212
1.7895,-3.2772
3.3705,-5.6311
-1.8223,-5.0117
1.2543,-2.522
-3.4434,-4.6285
-2.183,-5.3149
-0.55838,-5.138
3.267,-3.6523
-4.0094,-5.1656
3.2878,-5.8811
3.8474,-4.936
1.3443,-3.8348
3.9376,-5.4949
-1.0167,-6.4696
-0.1526,-3.2813
2.3836,-7.162
0.10101,-0.96776
-0.8256,-2.3318
2.0522,-5.4586
1.7458,-6.2231
2.4,-4.9661
-1.1544,-4.0735
3.0116,-7.1318
3.5825,-6.3758
0.70921,-4.9563
-4.0794,-5.4178
3.5619,-2.5427
1.287,-3.5745
-4.6305,-6.2575
-2.7352,-6.0034
3.3916,-6.4537
1.8362,-6.7396
0.52389,-3.1636
-3.1297,-5.7581
3.5961,-7.6508
-3.444,-5.1873
4.0246,-5.7379
6.3637,-7.2164
2.1408,-4.2299
-1.2252,-4.7204
-2.7746,-6.52
1.2987,-5.0358
4.045,-6.4022
-2.4737,-6.2995
0.53095,-2.8962
2.9688,-4.6451
2.8922,-5.1758
2.6142,-2.1815
0.59991,-3.3665
-0.92747,-6.7084
1.3486,-7.6619
3.0711,-5.3842
-3.4924,-4.5896
1.7937,-3.7296
3.1467,-5.1584
4.9568,-3.6944
2.6783,-4.5858
-1.5738,-4.5712
1.2312,-3.385
-5.1895,-4.9486
-3.4058,-6.601
-5.482,-5.7868
4.3915,-7.0089
1.6993,-1.2616
-0.74052,-5.282
-1.935,-6.3871
3.7568,-7.0197
-0.62853,-5.236
-2.5134,-3.774
3.3421,-5.8079
-0.96394,-5.4507
2.5547,-5.9082
2.9594,-6.8657
-1.4621,-5.2862
1.1049,-3.7437
4.7644,-6.742
-1.1121,-4.3952
0.24389,-3.7293
-1.4787,-3.2789
1.1775,-3.1676
1.5465,-6.7473
-5.9309,-5.7595
0.6323,-1.9606
4.4323,-6.9837
2.6163,-5.7333
2.1072,-5.4006
-0.0031347,-2.1659
3.1891,-6.43
-6.6476,-4.2542
3.5001,-5.1567
2.251,-6.0302
2.0965,-5.6444
3.3393,-4.5832
-0.70636,-5.1137
-2.7317,-5.7379
1.2014,-3.4399
0.54149,-6.2115
-5.3565,-5.6729
0.010018,-4.0374
0.19983,-2.9947
4.3997,-4.9451
-1.6688,-6.296
0.67566,-4.8308
-2.8246,-4.5147
-2.6399,-4.8643
-2.3092,-4.1199
2.8918,-6.2125
3.9809,-6.0664
1.3679,-2.9673
0.56096,-3.0983
0.47393,-3.99
0.93284,-3.2114
2.2035,-4.0299
-4.1314,-5.3318
1.7907,-2.9577
3.479,-6.5958
-4.5809,-5.1269
-0.081779,-3.7703
-1.0345,-4.4142
-0.64006,-5.0414
3.4878,-3.6778
0.45168,-0.5539
-3.5387,-4.8011
2.3771,-6.454
1.9282,-0.26483
4.035,-4.4538
-1.808,-4.4693
-0.05569,-1.4997
-2.4716,-4.477
2.4401,-6.3967
1.6949,-4.028
-2.7861,-6.0565
-5.4537,-6.5017
3.1563,-4.7852
2.7337,-3.3991
-0.46265,-3.8582
0.62175,-3.9573
-2.0618,-5.5545
2.4461,-5.5272
2.5174,-5.0686
4.8032,-4.1637
3.6593,-5.7024
-1.6121,-4.2641
0.38008,-3.8056
-5.2019,-5.5822
0.3514,-2.93
0.61469,-1.9356
2.0422,-6.1638
1.3841,-4.2266
1.4223,-4.4652
1.5491,-2.6055
-0.34893,-2.6803
-3.2992,-4.9319
0.42872,-2.663
-4.2273,-4.5971
4.4204,-6.7457
-0.85171,-3.3777
2.1044,-5.8436
0.66071,-3.5298
2.6778,-2.5282
4.3493,-6.1238
3.6495,-5.6163
0.60932,-3.47
-1.0864,-4.814
0.8715,-4.6289
2.8381,-2.5008
-4.1427,-4.0704
2.5865,-4.1625
-4.4633,-5.6997
1.4647,-2.4835
-5.2208,-5.1775
-4.2403,-4.6368
2.0328,-3.7966
-0.097793,-2.2534
3.6322,-5.99
-2.8209,-5.1866
-1.6182,-4.6528
2.7061,-4.787
2.5203,-5.7856
-3.6971,-4.6725
-3.0971,-5.9514
0.12902,-2.0967
-4.1832,-4.5898
1.2601,-3.3703
-5.3496,-5.0016
0.43705,-3.5752
2.3336,-3.0166
-0.1839,-4.1592
4.3778,-5.6743
0.098738,-4.3747
1.2261,-3.619
-4.0005,-5.5094
2.0073,-2.7172
2.1505,-6.2151
-0.095281,-2.6533
3.2883,-6.0752
0.21659,-3.4508
-4.26,-4.4765
1.5904,-3.5911
-4.8216,-5.5109
2.3402,-3.7627
1.1264,-2.7942
1.9359,-6.7778
4.129,-5.6488
-3.0468,-5.6812
-1.0284,-5.3608
-2.4869,-4.8417
-4.0084,-5.3214
4.1081,-7.9861
-4.0267,-4.2245
1.5379,-2.4484
-1.0204,-4.8079
2.3613,-6.4028
-3.3844,-5.1864
0.80322,-1.4763
2.4921,-5.2011
0.20751,-1.4667
2.052,-3.5603
0.85375,-2.9015
1.7167,-2.2788
-1.1343,-6.2426
-1.4885,-4.8476
-2.1224,-4.3407
-4.1809,-5.4551
-0.93819,-5.6636
-3.2081,-5.1618
2.8343,-4.9637
3.7894,-5.4905
1.7558,-2.0364
1.2054,-2.7006
-3.6325,-3.9928
0.15795,-4.8979
-3.2528,-4.2264
1.3115,-5.7808
4.4569,-4.3804
-1.2328,-4.8603
-0.082586,-2.9719
1.3536,-3.408
2.0429,-7.2172
2.5098,-4.8912
3.4669,-4.9255
4.2832,-4.5207
-4.5126,-5.0277
0.52429,-3.4219
3.4059,-6.1617
-5.1213,-4.7464
-2.8568,-5.4217
1.3756,-4.2944
-3.3122,-5.4928
1.31,-2.2115
0.679,-4.4676
2.8148,-5.3972
2.9687,-6.4825
2.4964,-7.1049
4.3377,-7.1755
2.1507,-0.87148
1.6026,-2.0416
1.0211,-7.541
-1.7236,-4.7508
-5.3539,-5.7286
-1.9001,-4.1847
3.9888,-4.6387
4.3105,-6.3414
2.4443,-3.5025
0.73483,-2.5731
-2.7523,-5.7755
-2.5886,-5.5084
-4.0057,-4.0075
-1.7598,-5.5831
-3.5633,-4.3582
-0.0030347,-3.1736
-3.1889,-5.585
2.2488,-6.4644
2.9436,-5.6171
2.1861,-5.5208
-1.5401,-4.7024
3.4478,-5.8313
1.2653,-4.9214
-0.86714,-5.2768
3.1978,-5.7529
-5.1001,-6.2919
-3.4482,-5.1213
0.93045,-2.172
4.4507,-5.043
-3.6729,-4.8213
1.7901,-7.5511
-3.5418,-4.2303
2.3615,-4.8983
1.0442,-3.7429
4.8253,-3.8867
-2.7647,-4.9434
-2.4554,-5.5711
2.2247,-3.6159
-0.49853,-2.5604
0.14818,-3.8393
-1.8801,-4.3093
-3.3569,-4.4243
-1.4834,-5.0266
1.0714,-1.8044
-0.19976,-1.1382
2.5706,-6.503
0.98711,-2.0714
-3.9169,-6.5496
2.0216,-5.5466
1.2944,-3.4631
-0.24077,-1.4482
-6.6748,-5.372
-3.5698,-5.0465
1.6316,-2.081
-2.4809,-6.3815
1.5953,-4.4923
0.38302,-3.3845
3.2885,-7.2113
0.91947,-3.4896
2.4667,-7.5797
1.5008,-3.2567
-4.2476,-5.1032
-2.9331,-4.3498
-1.743,-4.6064
4.9757,-6.8616
1.7571,-8.0956
3.0241,-7.6052
0.396,-3.5043
2.7614,-6.198
-2.8572,-3.8142
4.3739,-5.4858
1.2101,-3.0143
0.88339,-3.7153
1.7092,-2.1546
1.3155,-1.9483
-0.11041,-3.9921
-0.94771,-4.9438
-4.7047,-4.9051
-5.0334,-4.8153
2.0632,-2.3002
2.1158,-2.8358
-4.046,-4.9879
4.5341,-5.5838
2.6786,-5.0034
0.66398,-2.2308
3.6997,-6.0542
-0.7474,-4.0075
-0.22699,-1.6832
3.882,-6.4507
0.26384,-3.8405
0.13023,-4.35
2.379,-7.4537
-3.8867,-5.3934
3.6601,-6.2401
1.5016,-3.5585
1.6754,-2.6669
-5.8186,-4.8048
-3.5663,-5.9721
3.6113,-6.8659
-6.2971,-4.4295
1.4784,-3.9095
2.4483,-2.8332
2.3412,-3.5181
-0.012308,-2.082
4.5534,-6.48
-0.35372,-4.7095
-5.377,-3.7335
2.1121,-4.0339
1.3059,-5.4383
2.1773,-4.6208
-2.1863,-3.8293
1.1229,-3.2958
-1.4791,-5.3634
0.2751,-2.4754
3.0719,-5.2635
-2.9623,-4.8833
-3.4607,-4.1412
-1.2652,-5.0047
0.50556,-2.9208
3.3301,-4.725
-2.2828,-5.033
-4.246,-4.7483
-2.2879,-4.9192
2.0191,-1.9496
0.49584,-4.0761
-1.0813,-5.7831
-2.3931,-5.9229
-3.1974,-5.8582
-4.3968,-4.414
2.2215,-7.3456
-3.9214,-4.6865
2.3044,-6.7615
0.72249,-3.3512
4.2132,-4.9753
2.0708,-2.5689
-1.0073,-4.573
4.1259,-5.1385
3.3205,-7.8718
0.55191,-3.2202
2.5897,-3.9669
1.6179,-1.5857
-2.0982,-5.1044
1.4314,-4.1696
0.69934,-2.051
0.93253,-6.4114
-3.2385,-5.1791
3.4715,-7.0992
0.98489,-2.5251
0.76341,-3.6472
-4.4177,-5.4997
-3.5638,-5.0027
0.041878,-2.5009
2.3938,-7.2676
2.0982,-3.154
3.8037,-4.8021
5.0777,-7.0261
-3.9472,-5.5369
2.6168,-6.9378
4.641,-6.5606
3.4649,-5.8245
-2.1441,-4.6526
2.3229,-5.1293
0.74751,-3.5217
3.3851,-5.1384
1.7206,-5.7551
-0.8221,-5.3322
2.1411,-2.3571
2.096,-2.6706
-2.8624,-4.9217
0.36678,-1.9941
-0.2511,-1.6562
2.9918,-7.738
0.85443,-1.9431
5.0907,-6.2444
5.2667,-5.6429
4.1343,-5.3903
-2.0956,-5.8587
-3.4405,-4.9818
4.0922,-7.4278
-3.1897,-4.9203
0.9527,-3.1836
-3.1083,-6.4946
0.65642,-3.3569
3.5767,-6.9842
2.2553,-3.2704
2.9689,-6.1377
-3.1008,-4.0352
-2.3265,-4.7902
-2.9271,-5.7314
3.1706,-3.3088
-6.0732,-5.0785
3.3422,-5.4032
2.8044,-3.0414
1.8313,-1.6665
1.7275,-4.8762
-0.064083,-3.8229
2.419,-3.4422
1.036,-1.5357
4.5062,-6.5528
-4.7214,-5.8554
0.19983,-1.8946
-1.5525,-5.7221
0.19745,-3.2659
3.8147,-4.718
-3.0734,-5.4728
0.84827,-3.5169
3.4863,-6.3146
-3.7703,-5.3304
3.5522,-6.26
1.3728,-6.3937
-3.5204,-5.1995
-0.39767,-3.1394
0.50874,-3.8476
2.1633,-2.4851
-4.1625,-4.887
-2.0942,-5.397
1.9295,-5.2157
-5.9825,-4.3665
2.542,-3.6218
2.0553,-5.9281
-4.3644,-5.717
3.9089,-6.4879
0.63489,-2.5301
2.7161,-5.0025
0.50643,-5.0034
2.0139,-1.8732
3.627,-6.8088
-3.5803,-5.0078
2.2353,-3.0089
2.4366,-2.4538
4.3731,-5.3837
-0.14646,-3.7114
3.322,-5.5034
-0.78938,-3.5504
0.92855,-3.8099
1.2099,-2.5528
-6.0251,-4.88
1.9645,-2.1845
-0.72748,-2.7261
3.893,-5.3807
1.6757,-3.4609
1.5185,-3.2569
0.89446,-4.1459
-0.82204,-2.8711
-4.2868,-5.0121
-4.5136,-4.9783
0.85433,-0.51659
-2.8737,-4.3554
-0.14018,-2.8752
0.64487,-2.2146
2.5848,-5.8063
1.3861,-1.6538
3.0174,-6.864
1.2777,-2.3058
-4.4881,-5.0553
-4.1397,-4.9829
0.89401,-4.4004
1.5362,-5.7523
0.46742,-2.4284
-1.2836,-4.8867
-1.9934,-5.0372
4.1968,-6.2095
-3.9027,-6.0883
-3.2308,-3.8573
-2.5676,-5.0718
-1.925,-6.1672
2.3143,-1.6372
3.2968,-7.9497
1.6723,-4.7184
2.3492,-7.5631
-5.5832,-4.1802
-3.7238,-4.4703
-0.66385,-5.0512
1.1434,-2.8831
1.5755,-1.4394
-1.0123,-3.6271
2.8917,-0.22084
3.1955,-5.8187
-3.5826,-5.2883
-3.6461,-4.1194
-2.4554,-5.2523
1.803,-5.5878
2.667,-5.0379
2.5563,-4.5927
0.65026,-0.87278
-1.0325,-5.0043
2.4176,-7.3269
1.7507,-3.1592
0.42072,-1.2268
4.0324,-5.1797
2.1441,-2.2387
-0.92055,-2.5356
-4.0053,-5.9939
-2.9876,-6.3424
1.5327,-2.8282
-4.1094,-4.571
2.7797,-5.8165
1.3785,-2.9943
-2.8557,-6.1241
4.7643,-6.5055
2.2451,-7.2738
-4.23,-4.1846
1.3999,-1.9767
-4.3537,-5.0669
1.3302,-3.9855
2.4423,-5.5671
-3.0599,-5.9701
0.44007,-3.0738
4.2116,-7.1588
-6.7936,-4.7004
1.0519,-4.8915
1.5604,-6.913
2.0813,-6.3899
1.6858,-3.9351
-4.3338,-4.6605
2.6542,-4.0227
2.8104,-6.1313
2.7017,-6.8964
3.6727,-5.1816
3.9968,-5.5179
2.3823,-6.5443
-3.7849,-3.8263
3.7822,-5.6117
1.1911,-2.6612
1.0249,-1.5879
1.8882,-6.4517
3.2365,-7.1679
-0.68205,-5.2242
0.95851,-3.1326
1.5433,-1.5427
1.6311,-5.8447
-3.6594,-5.1126
1.2639,-2.5161
3.7255,-4.5914
-0.29857,-5.7728
-3.2271,-6.156
-2.7669,-4.821
-2.7286,-5.1371
1.156,-5.5098
0.17785,-5.3687
-2.4912,-4.4461
1.5078,-5.9185
-2.0734,-5.5125
-3.6098,-4.6981
0.87341,-4.9118
-1.5545,-5.1578
-2.2093,-4.6294
2.3205,-3.9593
-3.1096,-3.6884
1.1502,-4.4158
2.1178,-4.2166
4.7742,-6.4137
-2.3237,-5.3443
-4.8235,-5.5842
-1.1748,-5.6088
-2.3473,-5.6624
-3.3656,-5.4091
0.61373,-3.6472
0.93138,-3.072
-0.002167,-3.2256
-3.1583,-4.8225
-4.6095,-5.8194
2.707,-6.1122
0.26703,-3.3125
3.179,-5.1331
3.9079,-4.2888
0.53577,-3.0311
4.9123,-6.019
1.2668,-5.9728
-3.2924,-4.7876
-1.0817,-5.1676
0.24017,-4.2445
0.31356,-1.4029
-1.7612,-4.6575
2.6209,-5.3145
1.6166,-2.8673
2.486,-6.225
-1.7001,-4.3462
0.30783,-2.5528
-6.3932,-4.5251
-0.85238,-3.9167
-0.52746,-2.9379
-0.36199,-5.2584
2.1475,-5.8766
-3.5033,-3.9626
-4.4089,-6.4115
1.9411,-8.194
3.1773,-6.6927
2.3772,-6.4769
1.3729,-1.7202
-3.6213,-6.2551
0.31352,-4.034
2.4739,-3.7462
0.70099,-4.4088
-4.0011,-4.9807
-5.0107,-3.2883
4.2051,-5.9195
-4.1781,-5.2352
0.018,-3.0639
0.93586,-3.926
-4.9706,-4.9311
-0.20925,-2.2655
-2.4609,-3.8957
3.277,-5.954
-1.9114,-5.5938
-5.1921,-4.922
-4.0662,-4.4017
2.2069,-4.1213
-2.0341,-4.2186
0.58106,-1.2541
-1.8605,-5.209
3.1173,-3.6892
1.6596,-3.1782
0.1681,-1.2869
2.725,-4.1539
3.1664,-6.3249
-1.1779,-5.4288
-2.165,-5.1392
2.1599,-5.9144
-0.26673,-3.5254
-0.25151,-3.8409
3.4094,-2.6008
-0.94301,-2.1879
2.8641,-5.5302
-0.14819,-5.5485
-2.2135,-5.5619
-3.4362,-4.5992
-3.3013,-5.9588
3.7824,-5.0063
-4.7682,-4.4439
-4.2532,-3.9843
1.2328,-6.6165
-0.23203,-3.7748
2.9421,-5.928
-0.36792,-4.2512
0.86593,-0.65325
2.4735,-5.4121
3.7459,-3.5103
1.1183,-2.7604
2.7616,-6.1004
2.3987,-1.363
-3.6482,-5.5702
-3.8191,-4.5394
3.3552,-4.8546
3.2316,-6.6605
-0.63532,-5.6685
-0.45165,-5.356
0.39384,-3.018
-0.24218,-3.7319
0.9854,-2.2745
1.3985,-4.7768
4.3126,-6.6855
1.1194,-2.8598
-2.9392,-5.7337
5.0426,-6.5459
-0.14396,-1.7779
0.40221,-2.1946
-1.1458,-2.4277
1.3984,-3.1653
2.8078,-6.0801
3.9693,-6.846
1.3893,-3.8289
-4.4921,-6.5568
-2.3546,-5.7391
1.7798,-2.2316
-1.1685,-4.3206
2.1973,-4.8086
-3.6689,-4.6837
1.7334,-1.6755
1.851,-4.3994
2.5357,-5.546
4.7815,-4.5793
0.91518,-4.0495
3.694,-4.2313
4.7304,-5.5014
1.7337,-2.7773
-2.2554,-5.9673
1.2164,-4.4781
0.67549,-3.4912
-0.41351,-3.3873
-3.4523,-5.4947
2.5324,-5.8754
3.0953,-4.1062
-1.4474,-4.6691
-1.4918,-4.8985
3.18,-6.9418
1.9181,-2.347
1.7931,-5.4898
-4.6106,-4.6343
0.30576,-3.3887
4.3227,-6.2402
-0.076657,-3.4458
2.6609,-5.6154
3.692,-4.3872
0.94078,-0.8033
-2.6539,-5.9013
3.672,-4.7911
-0.053013,-5.3176
2.0303,-4.8927
-2.322,-5.3507
3.4668,-4.5656
-2.3879,-5.9495
0.60513,-2.7535
-3.7808,-4.8942
0.94824,-2.7776
0.48331,-3.0651
-3.6755,-5.3705
1.5459,-5.198
-2.274,-4.5658
1.2433,-2.6448
-5.3631,-5.1328
-0.94516,-4.8946
2.2468,-6.4368
3.4953,-6.1996
-0.68862,-4.6793
-1.1921,-4.6271
0.082464,-6.862
3.0545,-5.6413
1.4534,-2.2506
-1.8708,-2.5805
3.4785,-5.6755
1.6914,-2.1999
4.9361,-4.4688
2.9987,-8.5845
2.2808,-7.1839
-1.8843,-4.6526
2.3287,-6.3211
2.1026,-7.3319
3.5403,-4.9719
-4.8366,-5.386
-0.43455,-3.5607
-1.658,-5.0381
1.5891,-6.0356
-1.8496,-5.1618
3.4121,-6.6928
-1.4475,-5.0606
-5.7682,-3.9515
0.69537,-4.5498
2.7847,-5.8854
1.4688,-3.7611
3.0603,-6.8865
-3.2875,-4.4848
3.4736,-7.1776
-3.0216,-3.4559
1.342,-4.2268
2.361,-6.1575
-2.2611,-5.5864
-3.9442,-4.933
-3.524,-4.7452
-1.6699,-5.4242
-1.6072,-3.6051
2.0833,-3.157
0.92322,-4.0891
3.564,-6.0579
0.1129,-3.6633
-4.5726,-3.7333
-2.2162,-4.0565
0.52478,-2.6058
1.1985,-3.1273
2.0587,-4.5457
-6.1672,-6.0856
3.712,-7.1212
2.4269,-6.7899
-2.6434,-5.5677
0.88858,-1.9383
0.43748,-4.1727
2.8849,-4.8948
3.3027,-6.7464
3.2246,-7.3556
0.48726,-3.641
-1.6232,-5.5643
1.7157,-1.4521
2.8628,-3.0076
-0.89688,-6.0487
-3.0643,-4.8009
4.8353,-4.6071
1.1067,-6.7691
2.5479,-1.9697
-2.9,-3.466
0.13732,-3.1945
-1.19,-5.6349
1.2087,-1.9158
-4.3713,-5.2214
2.9367,-6.5189
3.5292,-7.0138
2.511,-5.0899
2.4533,-6.1999
-2.3435,-5.4662
-2.3444,-5.5822
-4.6393,-5.6413
1.503,-2.7923
0.74848,-2.0103
0.59964,-3.3204
0.64533,-3.0716
-4.281,-4.5684
-4.6082,-4.4975
3.5928,-8.3709
-4.4733,-5.5339
2.722,-4.9701
1.987,-6.8629
1.5195,-3.1594
-4.1276,-5.5395
-3.0139,-5.0127
-2.1679,-5.4001
2.9185,-5.7291
1.7422,-1.4551
5.0821,-4.5955
1.2197,-2.5924
-5.3713,-5.2808
-3.366,-6.0669
3.2392,-5.7765
4.0523,-4.7295
-0.69384,-4.9663
0.77536,-1.4574
-4.8503,-4.2036
0.64895,-3.1034
-0.042402,-4.6154
-1.3382,-4.6816
-3.4787,-5.2929
1.0237,-3.0127
4.0321,-6.6092
-2.9999,-5.4141
-2.8498,-5.5223
1.3147,-2.4948
-2.8751,-5.2211
4.3342,-7.1915
2.0512,-1.8091
2.7402,-6.8943
1.9743,-2.8208
-3.7246,-4.8463
-3.186,-4.578
-5.7475,-5.0302
1.4891,-2.8045
-1.5303,-4.9439
1.7103,-3.3253
3.5011,-5.2677
-2.9047,-4.1999
3.0028,-3.1468
-2.0649,-4.5112
-0.054244,-2.9587
1.6256,-2.481
1.0272,-3.597
0.6043,-5.2898
-2.5805,-4.6974
1.6282,-4.1334
-4.2404,-5.0267
1.1622,-2.7039
-2.0773,-5.1451
-2.7201,-4.6383
0.51939,-3.7088
3.7651,-3.3283
1.4455,-3.2415
4.9679,-4.9216
-2.8421,-5.1124
-5.5122,-5.4978
-2.827,-4.6433
-2.2849,-5.4133
-4.7813,-4.9906
0.28582,-4.3697
3.1089,-6.4096
-0.20304,-3.4374
-3.1456,-4.1668
-0.67472,-3.8511
2.5564,-6.8556
3.7291,-5.7224
-1.4193,-5.6142
-1.7201,-5.5552
-3.2254,-4.6591
3.2999,-6.2441
-4.5374,-5.0609
1.9652,-5.4177
-4.0284,-4.9358
-2.8636,-5.698
3.4219,-3.0731
2.3794,-6.5052
0.92506,-2.7935
0.55007,-4.1996
2.5183,-5.7656
-3.4527,-5.1419
2.1297,-8.3348
-4.9806,-5.5067
-0.66486,-3.0313
2.7102,-8.3466
-2.1739,-5.317
2.0571,-7.8837
2.9028,-5.2362
4.5129,-6.5437
3.6734,-5.8986
0.74296,-3.2395
1.2905,-6.8072
-4.793,-4.0019
1.0189,-2.7318
3.2325,-5.7271
0.73528,-2.7652
0.65158,-2.325
-3.2858,-5.661
4.427,-6.0748
4.3911,-8.8116
1.8084,-5.9997
-1.9014,-4.5774
-4.1699,-5.1402
-1.287,-4.5961
1.69,-4.372
1.7796,-2.723
2.7386,-6.6447
-2.8567,-5.0459
-3.06,-6.2278
2.0098,-3.4348
2.9472,-4.3935
0.77973,-3.73
-1.7924,-4.8924
3.4058,-6.0199
-1.0118,-6.698
2.7586,-6.5548
-2.586,-5.3433
2.7305,-5.7124
-2.7144,-5.0307
2.6659,-3.03
3.3773,-2.2328
-4.8711,-5.1981
2.0931,-3.9089
2.1055,-7.0101
-3.1747,-4.473
-2.7204,-5.6761
1.8794,-2.8922
0.56441,-1.6124
-3.6515,-5.4008
-1.2963,-4.7259
-3.8187,-6.8354
-1.9329,-4.8391
0.56954,-7.4569
-0.989,-5.3213
2.1264,-2.9574
-3.4888,-4.6648
-5.3233,-4.4673
3.434,-1.9588
1.2003,-2.6518
2.8532,-7.7422
0.91896,-5.5567
-3.5915,-6.6648
-1.064,-2.666
1.9733,-5.8156
2.5447,-4.9361
-2.0673,-4.7867
1.1315,-6.2202
-4.6906,-5.5887
2.3039,-7.2086
1.4568,-5.3371
-3.6264,-5.1494
4.3986,-5.3798
-5.0617,-5.814
0.88214,-4.1716
1.3826,-8.1197
-1.9739,-5.0471
4.5815,-7.0063
-3.4941,-5.5824
1.2805,-4.1466
0.70236,-2.7216
1.935,-3.7308
2.9873,-6.0161
3.6692,-7.6142
4.0728,-5.8014
-2.7945,-5.0998
-5.3714,-5.2127
0.42786,-2.0038
-2.8287,-4.1774
4.5177,-3.5711
-5.4086,-6.6864
2.89,-6.1994
-1.9767,-5.266
-5.6938,-4.2094
0.81926,-2.0342
-4.5791,-4.571
-1.9769,-4.1052
1.7394,-3.6326
-5.0818,-4.0089
-3.1259,-4.4828
2.6601,-3.234
-4.5259,-6.8619
3.7423,-7.1095
0.7144,-3.1148
2.4039,-5.197
2.0594,-2.0726
1.9653,-0.6021
3.7185,-7.6738
0.93756,-3.1836
2.3545,-5.4323
3.1071,-5.7598
2.6874,-4.0129
3.6027,-6.0742
-3.9135,-5.3037
-3.3653,-4.0789
-4.6849,-4.8006
-3.3436,-5.3008
-2.8189,-5.1451
2.7685,-6.1855
-3.8039,-4.3829
-4.636,-6.3989
-1.6955,-3.6339
1.865,-3.346
2.8612,-6.4389
3.128,-5.5557
1.4653,-2.3683
-3.5051,-4.7637
3.3223,-5.4866
2.7986,-3.298
5.2334,-6.4457
-0.36802,-1.9413
0.29327,-3.9006
3.9467,-6.9428
-4.3187,-4.7048
-3.3122,-6.1876
2.6608,-6.0612
-3.7797,-5.4674
1.5163,-3.3374
-2.5875,-2.8763
-3.4867,-5.4622
1.1714,-2.3694
-2.1234,-4.8032
-4.3314,-5.8775
-5.2711,-5.7958
1.9111,-3.1437
2.4312,-6.9878
-1.6493,-4.6861
2.0407,-2.9981
1.3885,-3.7271
3.3793,-7.2197
-6.2511,-3.9209
5.2987,-6.8029
3.2241,-4.6427
-5.3433,-6.2852
-2.8425,-5.0788
1.7109,-2.0076
1.619,-2.9277
2.6888,-4.5712
3.9217,-7.7849
-1.963,-5.3444
-1.5976,-5.4321
1.5882,-1.8204
3.0688,-3.5093
4.9916,-6.5095
-0.52843,-4.7504
1.7934,-6.865
0.21983,-3.6607
-4.5969,-5.4328
-4.7408,-4.044
-3.2578,-5.0831
3.1919,-5.9138
2.663,-2.066
0.64304,-3.4249
0.64756,-4.3093
0.27051,-2.4074
3.6947,-6.6362
2.1123,-5.4565
3.4901,-2.6632
2.5838,-5.8893
-3.4111,-4.3753
-2.5678,-5.8351
1.5248,-5.0213
3.5055,-6.9648
0.13646,-2.7403
4.6344,-5.3632
1.9399,-5.5025
-3.0908,-4.1002
-4.8196,-4.7396
1.4425,-2.3213
-3.2439,-5.4492
1.6243,-3.3532
1.8645,-3.9019
-1.6392,-4.7773
-1.9276,-4.4291
4.8357,-4.6282
-5.4786,-5.7168
3.2532,-7.2597
3.0706,-6.3445
2.6854,-6.7813
5.0359,-5.8335
1.4576,-5.245
-0.17146,-2.8202
0.035057,-4.2527
0.37797,-2.1078
3.8313,-6.1324
4.4981,-5.0607
1.1318,-3.9874
-1.3313,-2.9228
2.4113,-6.3736
3.8085,-4.9104
-0.32495,-4.0764
-4.5735,-3.6688
-4.6955,-5.3525
1.4529,-6.4508
1.4499,-3.0603
1.5186,-6.4739
1.7613,-6.6028
1.9903,-2.359
-0.8315,-3.2377
-4.3905,-5.5125
-2.597,-3.8842
0.72083,-2.6982
2.478,-5.8137
-4.3003,-3.6984
-2.3288,-4.885
-1.6444,-4.8201
0.45207,-3.4238
4.1483,-1.6693
2.1981,-3.4706
1.4301,-7.2782
1.4053,-3.8709
-2.4709,-4.4405
1.185,-2.8323
3.3023,-6.7967
2.1388,-3.0367
2.156,-5.6925
-2.0054,-4.5437
-3.7281,-4.8149
2.8516,-6.8878
3.2235,-6.118
2.9891,-5.6922
1.2217,-2.8468
0.5361,-3.1769
-0.35471,-4.7489
4.5705,-7.8495
2.2619,-2.4687
-3.2477,-6.2561
0.39783,-1.6097
2.5339,-5.585
-5.2814,-5.4068
-1.3794,-5.2011
-5.8655,-5.1173
0.60834,-3.1024
0.42506,-3.0933
-3.7838,-4.2147
3.4303,-8.3869
4.7173,-5.9251
1.1229,-3.1436
3.3217,-6.574
1.1167,-2.2682
5.0582,-4.4061
1.3382,-4.5268
2.5999,-4.1542
1.2029,-2.0598
1.2593,-3.5547
-1.7618,-4.8225
-3.7506,-5.8747
3.8157,-6.1176
-0.23695,-2.4984
-1.1249,-5.0285
2.6722,-5.7393
-0.0053495,-2.692
-3.0535,-5.6199
-0.063237,-1.5033
-1.124,-2.3987
2.7866,-5.2271
-4.1827,-5.5601
3.5296,-6.2693
2.4374,-5.0346
-3.0494,-6.2528
2.2139,-6.4262
-4.7045,-4.2782
0.22141,-5.3651
-4.3866,-5.3951
-2.1493,-4.8719
3.5318,-6.1571
2.6621,-3.9769
-4.4995,-5.6296
-1.9706,-5.3392
0.47042,-2.1528
0.77322,-5.8472
3.9413,-6.02
-5.0495,-5.4633
2.6071,-3.7217
-4.3098,-5.3936
-3.5258,-6.1909
-0.10236,-3.4351
3.6377,-6.7096
2.8164,-6.1539
2.0611,-3.4984
2.3776,-4.2923
3.4376,-6.0612
2.4375,-5.9168
-3.4837,-4.4231
1.0485,-4.4599
1.1035,-4.7589
0.33503,-2.057
1.8989,-8.4304
-3.4192,-3.8644
4.0281,-5.5013
4.0093,-7.0697
-3.8847,-5.4955
-0.029035,-1.9984
0.9861,-3.099
3.8997,-5.9909
3.5108,-5.8527
-1.5452,-5.4058
-0.34727,-2.6919
2.0317,-3.5228
-2.6711,-4.5959
-4.974,-5.0261
0.096717,-3.3926
-5.1751,-4.8816
1.1279,-3.2955
3.7205,-5.9489
0.66137,-4.9159
1.6615,-2.5366
1.7349,-3.1967
-2.1156,-4.9029
1.6229,-6.1435
2.9558,-5.5349
-1.6458,-5.3227
-4.8433,-5.5431
3.0106,-5.1838
4.4357,-3.2712
-1.9595,-4.8486
1.5285,-7.3185
-2.286,-5.188
4.7601,-6.1175
1.6773,-4.6274
-4.4361,-5.4097
-4.3763,-4.8404
3.8887,-6.7771
-2.5669,-5.4567
1.2972,-6.5727
-0.61388,-1.9392
2.1088,-6.5658
-1.5617,-5.1933
-4.8855,-5.277
-0.97128,-5.7978
2.2081,-4.5618
0.98784,-3.4933
-0.89251,-3.3398
-1.5646,-4.7464
2.0625,-2.6563
3.0341,-6.2621
3.2375,-3.9365
-2.8765,-5.6516
5.6379,-7.2527
-3.8073,-5.2408
-0.60887,-4.9659
1.4666,-2.7692
-3.8284,-3.7535
5.5016,-5.8887
3.7597,-1.6482
0.79227,-3.2812
2.0912,-6.6803
-3.2943,-5.0531
-2.2609,-4.8175
2.6016,-2.5599
-3.8279,-4.9294
-3.4507,-4.6443
0.74307,-3.7978
-4.0499,-6.0902
-2.7747,-3.8267
-2.8711,-3.996
-2.368,-6.0418
-2.3988,-4.1676
0.79876,-1.9836
0.38349,-3.1634
2.296,-3.315
-3.491,-4.508
1.4627,-3.9389
-6.0013,-4.8789
2.9901,-5.8967
1.5633,-3.897
-3.3067,-5.3395
-4.3848,-4.9774
1.7546,-2.5833
1.7555,-2.9819
-4.4678,-5.2034
1.8182,-1.7429
1.1814,-4.5442
1.0927,-2.3704
1.3917,-2.1
2.2789,-2.244
-1.9492,-7.4682
0.11924,-4.3217
-4.0514,-4.4775
-4.4191,-4.5359
1.6984,-6.9894
0.45247,-3.3698
4.1988,-5.8177
2.832,-5.9694
-5.6351,-4.5061
2.0069,-4.945
-0.63774,-2.1602
0.49345,-2.2352
3.9017,-4.8063
-5.5089,-5.3602
-0.96025,-1.3203
1.1595,-3.7327
4.5771,-6.969
-4.487,-5.4405
-2.4262,-4.9922
-2.7522,-2.7233
-3.0243,-5.7126
3.8685,-5.8499
0.50525,-3.2395
-3.7242,-5.9094
3.5399,-7.3471
0.531,-4.2692
-2.5485,-6.3664
-2.1818,-5.2245
-2.7488,-4.3936
-3.4901,-4.7331
1.817,-3.1716
2.677,-3.2851
2.1393,-2.5855
-5.1076,-5.4384
-4.0646,-5.5511
-2.5102,-4.9663
4.2256,-6.2481
3.8274,-6.0662
-0.82096,-5.2147
-5.0204,-6.1635
-0.551,-0.77221
-0.199,-4.3423
-3.1208,-4.8364
2.7732,-5.0328
2.261,-2.4554
1.6849,-3.146
2.5871,-3.157
1.369,-1.823
4.3622,-5.1161
-1.2657,-6.3798
3.5341,-3.6834
-3.6403,-5.3382
4.0401,-6.5906
-4.1894,-4.9798
-3.4802,-4.9729
-3.3138,-4.9466
-5.4492,-5.3902
0.4589,-3.2787
-1.7343,-4.2651
1.4441,-1.8622
0.5757,-2.3429
1.5398,-2.5556
-2.7834,-5.7396
3.2079,-8.0257
0.36859,-1.9194
1.7169,-1.8581
-0.67755,-2.8015
3.7425,-6.7907
2.6156,-7.5124
2.6781,-2.1891
0.28483,-4.2513
1.6618,-1.8341
-1.6915,-4.8162
-1.9299,-5.0489
3.4508,-5.4264
-4.3602,-4.4472
0.31158,-4.5608
2.5874,-6.7009
0.74506,-2.9997
2.2888,-6.1902
1.9594,-5.4611
2.8581,-6.2848
0.63703,-2.7068
2.0334,-5.7391
0.83087,-2.4405
4.0893,-5.9893
0.40986,-4.2267
-4.1319,-6.4505
-4.827,-3.697
-5.1756,-5.1813
2.9222,-6.5239
1.354,-4.6788
3.8644,-5.6318
-2.9063,-4.5146
-5.7257,-4.1885
1.484,-3.1559
2.6303,-6.9046
-5.2697,-5.7778
-5.6411,-5.5615
-0.73004,-3.5356
2.2658,-4.6708
-3.3363,-4.1456
-2.8632,-3.6346
4.038,-6.7477
-3.8687,-4.5117
1.8938,-3.5486
2.8435,-6.7943
-1.7448,-4.171
1.6762,-4.1762
2.671,-6.3761
1.118,-1.5953
2.3475,-2.9229
-1.8902,-4.1332
-3.2688,-4.9226
-0.75936,-5.5671
2.4638,-3.4691
4.4827,-3.6875
-4.8096,-4.9873
-2.8545,-6.4336
4.0267,-7.4044
1.4084,-2.5766
0.86205,-5.505
1.1041,-3.9971
0.55562,-2.9576
1.3549,-3.0319
-3.1891,-5.18
-1.8783,-4.5192
1.3835,-1.903
1.5699,-2.2703
0.97523,-1.0293
-4.0162,-5.5703
-3.8612,-5.3218
-2.7589,-4.4352
-0.62921,-2.6419
0.25264,-3.6788
0.62143,-2.7903
-4.6787,-4.7992
3.3599,-5.113
3.0771,-5.4631
-1.8286,-5.1541
-1.7667,-5.2733
0.41766,-3.2406
4.5239,-6.9545
1.6099,-3.7976
2.6607,-6.6587
3.6087,-4.4251
-4.0575,-5.0012
2.2003,-2.7934
1.5944,-6.6106
-2.5161,-6.4141
3.3653,-2.8649
-3.238,-3.5871
3.4072,-7.0697
2.143,-4.5067
-5.6914,-5.4624
-3.1308,-5.2592
4.1578,-6.9363
-2.1321,-4.6311
-2.6576,-4.3401
3.0325,-5.6981
1.7299,-1.0679
3.594,-5.0662
1.8906,-2.5785
3.3401,-5.9866
3.9874,-3.8697
1.2547,-1.9299
2.7598,-5.4506
-1.1461,-5.0962
0.40457,-2.6611
-2.4086,-5.1496
1.8606,-7.4412
-5.9944,-5.1005
-0.37892,-2.3691
3.0841,-4.7014
2.9484,-5.1535
2.6698,-5.9838
3.1537,-1.332
0.39709,-3.7205
2.4944,-6.1022
-2.6732,-5.4966
4.7835,-5.033
-4.1248,-5.4488
-2.8369,-4.1625
2.7781,-4.5471
3.4701,-4.4971
0.9871,-3.4633
2.1609,-3.6691
2.9567,-7.4871
-5.2064,-5.2786
-0.08525,-1.6669
3.9072,-6.2372
3.9402,-5.6819
1.1654,-2.3802
2.8246,-6.1719
2.898,-5.1999
4.4586,-5.8745
3.0165,-5.4082
1.121,-3.4381
3.5421,-4.6751
-2.5471,-4.683
-5.7133,-4.4794
3.5167,-5.7944
2.978,-7.2929
1.3694,-2.5545
1.3755,-7.7055
3.6492,-4.7127
2.018,-1.6462
2.318,-6.8059
-1.5251,-5.4007
3.3409,-3.9998
3.7165,-3.075
-2.5831,-3.2617
-3.1179,-5.259
-4.5117,-4.8196
1.6453,-6.6145
-3.2908,-5.1419
2.5316,-5.7067
4.3132,-5.1536
-3.079,-6.0287
4.6962,-7.6554
-2.7795,-4.956
1.0743,-1.969
-1.9504,-5.2226
1.3659,-3.4183
1.8597,-6.2561
1.6047,-6.8299
-1.0695,-4.0392
-4.585,-4.7727
0.47909,-3.1441
0.90626,-2.1543
0.12859,-0.90921
-1.6202,-3.0741
1.5916,-2.8262
4.4282,-7.3161
2.1114,-3.4147
1.5774,-5.2867
0.49649,-2.4904
-0.56684,-4.9621
3.3075,-7.4709
0.64775,-1.5279
-2.3744,-5.0927
4.864,-5.626
4.0154,-5.2451
-0.50976,-3.3348
1.222,-3.6141
2.3336,-6.7111
-3.7822,-5.0494
0.03542,-4.2948
-2.2632,-6.2011
-3.2427,-4.7173
2.0635,-6.3489
2.3226,-1.5167
0.35233,-2.4083
-0.83525,-4.0502
-3.2037,-5.5473
1.7161,-4.3615
4.2937,-4.3623
-2.911,-4.5466
2.6359,-7.7469
-2.5825,-5.0514
-3.818,-5.9767
-3.4297,-4.7807
0.48916,-3.363
-0.86681,-4.2342
-0.037651,-4.7274
0.52935,-2.5614
5.9493,-7.2893
0.13756,-0.39329
-2.6087,-4.3609
-4.2999,-5.4134
3.0967,-6.962
3.3841,-3.0916
-5.0493,-6.6262
-2.2747,-4.902
-2.7059,-4.3355
3.4389,-4.8801
-4.9905,-5.7555
4.6449,-9.3776
1.9318,-5.6155
3.8589,-7.8361
0.24527,-4.3626
2.4479,-5.5338
0.05578,-2.1422
-4.146,-4.0712
4.2464,-4.4877
0.90438,-1.8234
-4.0416,-4.9026
0.53526,-4.2187
1.6371,-4.835
3.9006,-6.425
-1.9683,-4.9627
-4.4045,-4.3458
5.4732,-5.0474
-4.3816,-5.4146
1.0368,-1.7623
2.4573,-3.1804
0.085551,-2.9468
1.6574,-4.4378
1.6925,-3.9961
1.6658,-5.3027
-2.9515,-3.2162
-2.2961,-3.8647
3.0139,-4.7275
2.1616,-6.8944
3.6114,-5.976
2.5509,-2.5947
0.031648,-2.1317
3.4417,-5.4128
-0.99208,-0.38274
2.6736,-5.3376
1.0077,-2.7271
3.8134,-5.4703
1.0114,-4.4423
3.0198,-5.3133
-1.75,-3.1932
3.0361,-5.5135
-1.7298,-5.6518
1.6507,-2.8835
2.142,-3.687
-1.7216,-5.3284
-8.3497,-5.068
-4.0928,-4.6072
1.2434,-3.0746
2.6243,-7.3425
2.8974,-5.7917
2.5382,-4.2874
1.0774,-2.2551
3.497,-7.1361
-2.2153,-5.7097
1.056,-3.8639
3.496,-6.6634
-2.6099,-4.0749
-2.1726,-5.3268
-1.7955,-5.4384
1.7195,-4.2936
0.19067,-3.3243
-4.3367,-4.852
0.050195,-6.1508
2.1486,-4.7785
2.4501,-6.2328
0.31849,-0.64385
2.7601,-5.8305
-1.9262,-5.243
-1.4056,-6.3427
1.2918,-5.121
2.4869,-5.5268
-0.10101,-5.3603
2.1637,-6.5936
4.3963,-5.7418
1.6331,-7.1994
-0.33886,-2.0901
1.6742,-4.1838
0.78805,-2.2065
2.8803,-6.9593
1.6193,-5.173
-0.89442,-2.1632
-4.0412,-3.5727
3.9662,-6.3377
0.50956,-1.3696
3.3216,-7.0093
-6.2126,-5.3621
1.162,-4.9288
-0.64438,-1.9555
-2.1017,-3.4045
3.8919,-6.1828
1.2293,-3.085
5.0389,-6.2166
1.6379,-2.1527
2.8446,-2.3511
-2.8202,-4.5338
0.088083,-3.8838
1.0014,-2.5859
1.9284,-2.3689
2.4733,-5.3758
5.2558,-5.486
3.8165,-2.4299
2.1985,-7.1102
2.8057,-3.6283
3.4974,-6.0549
0.2646,-4.2114
3.3677,-5.8694
-1.4142,-3.4201
3.0382,-5.1493
3.5742,-4.0424
-1.2227,-2.5296
-1.4101,-5.3652
0.94496,-5.934
1.2734,-1.502
-0.62537,-4.7213
2.3384,-5.4419
-4.2972,-5.1881
-6.0883,-4.7498
4.2284,-5.3136
-0.19683,-3.4123
-2.6338,-5.3995
-4.1393,-7.2288
1.007,-3.9975
-4.7145,-5.2714
3.3779,-4.7108
1.1757,-2.2915
-1.8369,-4.6697
-2.5069,-5.25
3.5746,-6.1924
3.648,-7.0958
4.8182,-8.0606
2.4913,-2.4927
0.58675,-5.2563
0.95364,-2.876
-2.8464,-5.3634
-1.2941,-5.4544
1.2946,-4.6254
1.455,-5.1076
1.0404,-2.1356
3.2113,-5.8406
3.1885,-6.2211
-1.7082,-4.763
0.34264,-2.7366
0.6732,-4.3163
1.1675,-6.0707
-1.9628,-4.2033
0.49372,-5.0916
-0.048127,-3.242
-6.0518,-4.892
2.8889,-5.5977
2.238,-4.8252
-1.7454,-4.3067
2.5056,-5.6967
1.0012,-2.7256
2.7286,-6.1796
-3.4498,-6.2719
2.3923,-5.4251
-0.19753,-3.3671
2.8709,-6.1694
1.8657,-3.0709
0.50649,-2.819
-4.3486,-4.9263
-1.4349,-2.3348
0.88816,-3.9449
1.6739,-3.5735
-0.79526,-3.9223
-2.8088,-4.902
-4.4293,-5.3115
-4.8913,-4.216
-3.7624,-4.1352
1.5687,-6.11
-1.2716,-4.5368
2.2886,-6.3765
-1.1709,-4.3002
1.115,-2.5937
2.994,-4.9948
-4.9466,-5.275
-2.2194,-3.9117
-4.6035,-4.2297
-1.5205,-5.6594
2.6619,-7.895
4.4003,-4.9522
4.0618,-2.6672
2.1596,-7.5318
4.623,-6.4747
-3.3554,-5.7256
3.3275,-6.9129
0.96859,-2.2773
-2.3101,-5.6775
1.7361,-5.0747
4.1643,-7.2172
3.6909,-7.0408
1.071,-1.9158
-0.33241,-4.8571
2.6963,-3.8668
1.0452,-1.5113
1.1663,-4.2545
1.3313,-6.8781
-2.7631,-7.1696
1.0827,-5.7395
3.7659,-6.9527
-3.2262,-6.3168
-3.9365,-4.2934
2.5527,-6.9784
-2.3985,-5.7675
0.98294,-3.0733
2.2795,-4.9779
3.3831,-2.6013
-4.0843,-4.9215
-2.7793,-4.7742
0.77135,-3.2215
-4.4314,-5.6072
2.4235,-6.4585
3.3367,-7.0421
1.2042,-2.4462
0.38878,-2.8978
-3.3121,-5.3895
2.2945,-7.2826
3.5426,-6.3342
1.8849,-6.8676
-3.9584,-4.1782
-1.415,-4.0366
-1.054,-1.122
4.4478,-7.5334
-3.5802,-5.5403
2.3034,-6.1401
-0.55778,-4.4508
3.5528,-1.7813
-2.0428,-5.2991
1.3221,-1.3016
3.6061,-6.0113
2.1327,-2.725
3.5457,-3.2064
0.49284,-3.9872
2.6736,-6.2947
-4.4557,-5.9708
1.591,-4.5668
4.2603,-6.2279
1.1606,-1.3709
1.8891,-5.618
-1.577,-5.3098
-2.6818,-4.5668
-2.5744,-6.2636
-5.6344,-2.9648
-0.091353,-0.36193
-0.93198,-4.767
-3.3144,-5.8841
-3.3114,-4.972
-3.7874,-4.8673
1.9512,-4.5281
4.7176,-6.6778
-2.4659,-5.1213
-1.9165,-5.3329
-4.5529,-5.477
1.4635,-2.2655
2.0782,-4.3952
-4.7148,-5.4503
1.6722,-7.6391
2.3696,-6.406
1.7226,-4.0442
2.6817,-5.9391
0.0092706,-3.853
-2.568,-5.0594
3.6238,-7.9995
3.5512,-7.0937
-2.3089,-5.4903
2.805,-4.664
0.22732,-1.7678
1.0269,-3.0913
1.3296,-5.797
-4.342,-5.302
-0.38141,-3.3888
-0.1167,-3.038
-4.1056,-3.8031
-0.34842,-5.6968
2.3198,-7.0399
0.36256,-1.1688
3.0067,-5.7243
-3.9874,-5.6556
3.2607,-5.5341
-0.027552,-2.1698
-0.86146,-4.1481
1.6729,-6.474
-3.6479,-4.5276
1.0578,-2.6559
0.98403,-2.2632
1.7362,-2.3845
1.376,-2.4511
1.9501,-5.6402
2.4503,-6.4421
1.815,-7.7565
3.4843,-2.788
-1.7396,-5.6053
0.78247,-2.1045
2.1953,-2.3042
-3.1637,-5.8674
3.8037,-5.9222
0.55583,-2.0879
-3.6096,-6.3586
-4.4117,-5.2516
0.28056,-0.34686
0.18398,-1.1454
3.539,-5.6406
0.22291,-4.8269
-5.0313,-5.4007
-2.3438,-4.9759
1.778,-3.8472
0.27024,-2.4349
6.4302,-6.8178
-0.31958,-2.6307
-3.5334,-3.8776
-5.1242,-4.2612
2.2022,-6.4152
2.2017,-2.0242
-2.4514,-4.362
-1.4176,-5.941
1.8334,-6.2556
-6.2554,-4.2178
-5.4523,-3.8839
1.9227,-6.7824
-2.5796,-3.8032
-2.9455,-5.3539
-0.3654,-2.1684
-1.187,-5.629
-3.3491,-4.6331
-3.7518,-4.3283
-3.9126,-3.6708
3.314,-6.3876
-5.444,-6.1841
-2.029,-4.2633
0.62443,-6.8771
1.9301,-6.3931
2.2585,-3.0676
1.7581,-6.0357
-0.05339,-2.8593
-2.2405,-5.7375
2.3903,-7.7323
0.72227,-4.6284
1.4163,-2.3228
3.2766,-8.0909
1.8493,-3.3708
-3.7524,-5.2895
-2.6047,-5.5896
1.0052,-2.4443
1.4222,-4.0652
1.8882,-2.7013
3.2903,-3.2309
0.85,-3.459
-3.0851,-5.2741
3.9581,-5.7972
2.4664,-7.1886
0.61157,-2.9402
4.2941,-5.5894
-3.6069,-4.8028
2.0551,-6.4797
2.6804,-6.1233
-0.32913,-4.3567
-3.8378,-5.2489
-0.32316,-5.4152
-0.48373,-3.1142
0.74671,-2.1917
-3.3373,-5.0227
0.29479,-2.9766
-1.7136,-4.3738
-2.6396,-4.4684
3.8665,-4.9809
4.1704,-4.4189
-0.14072,-4.4137
2.3666,-5.879
2.3935,-6.2629
4.3583,-6.7767
0.94173,-2.1235
0.39318,-4.5358
-2.8413,-4.173
1.9919,-2.4432
0.68153,-5.8264
3.886,-4.9097
-4.4149,-5.6738
1.2956,-2.7938
-5.4674,-5.8429
-3.1053,-4.8971
1.972,-6.6233
-0.26583,-2.8898
-3.5431,-5.953
-1.9891,-6.1851
-3.5748,-5.1835
-1.6888,-3.7549
-3.3269,-4.3727
1.2593,-5.1701
-1.4229,-4.9286
1.9869,-5.2349
3.6482,-5.8369
-3.6309,-6.0005
2.7333,-5.7527
2.3656,-8.4641
1.7003,-8.2481
0.075423,-3.9583
-3.1997,-3.8728
-5.7082,-4.1164
-0.06325,-4.9916
3.6399,-5.8511
3.2921,-6.3193
1.2003,-2.9978
3.9331,-6.0402
2.4709,-5.5376
-5.2698,-6.2226
-5.8899,-4.2136
-2.3817,-4.5722
1.7563,-3.1863
-0.061907,-1.8821
0.70957,-6.9039
3.4817,-5.0915
1.5286,-5.6201
3.2293,-5.0126
2.7781,-6.9627
-1.2295,-4.316
2.7522,-2.2378
2.0057,-6.5139
-3.872,-5.234
1.9653,-7.6393
0.66026,-3.7986
-3.908,-5.018
-3.0541,-4.7857
-1.5352,-4.7869
0.1638,-4.1102
4.2863,-5.0466
-3.6515,-4.8679
3.3017,-6.1458
2.5371,-4.9301
-5.6529,-4.4306
0.3708,-3.8507
1.139,-7.1219
2.2523,-9.4116
-2.0486,-4.579
3.7788,-5.4476
-1.5321,-4.2375
3.8121,-6.0611
4.0428,-6.307
-4.9781,-5.0724
1.8737,-4.5772
2.4713,-4.7553
4.2155,-5.7112
2.7558,-5.5004
4.1149,-8.2936
-3.2178,-5.1379
0.26902,-2.3013
1.3488,-5.5817
3.3971,-5.7813
3.0116,-6.9516
-1.2352,-3.19
-2.5517,-6.5571
-0.25132,-3.5233
1.474,-3.8187
2.7937,-6.7646
3.1285,-6.7641
-6.6572,-3.7247
-3.7958,-4.2651
-5.6198,-5.2848
-4.1891,-5.08
-3.0378,-5.4414
1.5136,-6.8524
4.1537,-5.8455
2.9929,-1.1247
-3.3127,-6.1636
1.106,-2.9167
2.2474,-6.4125
4.7428,-5.1237
1.251,-1.5364
2.5599,-6.0998
3.1208,-6.4215
-0.063916,-3.7412
2.1373,-2.7429
3.2752,-5.7501
-3.759,-5.0319
2.0449,-6.3461
-0.1405,-4.7326
-3.302,-4.0153
-1.5117,-5.6375
3.5614,-4.3943
-3.9791,-4.1816
3.724,-5.0936
1.3674,-3.0243
-3.5028,-4.8763
-0.47867,-2.604
-5.1125,-5.5223
-4.5693,-4.7763
4.7426,-6.082
3.3514,-5.9273
-0.73783,-3.2514
4.3843,-5.8449
1.7572,-4.8642
0.7056,-3.4089
-0.82758,-5.2939
-3.4611,-5.8153
-4.7061,-5.6861
-0.33867,-3.35
0.85015,-2.5574
-3.7348,-6.476
4.0069,-5.8961
2.2571,-2.6127
-2.0615,-4.6003
3.3248,-4.8223
3.0181,-7.5017
-3.7014,-3.8085
1.8403,-4.7441
3.5296,-7.0515
-4.3761,-5.2882
1.9436,-7.276
-2.7428,-3.8152
3.4256,-7.0105
0.68339,-4.935
-1.7972,-4.2969
2.418,-7.0591
-3.4376,-4.8388
-3.2091,-4.8479
0.24463,-5.6909
-2.1275,-5.0116
3.6282,-6.8415
2.5504,-7.954
0.5634,-2.7057
-0.50283,0.46711
1.279,-4.6859
-6.5912,-5.215
-4.2616,-5.6365
0.11179,-2.3176
-2.5057,-5.4155
-1.6204,-6.1818
0.4875,-7.2734
-3.6618,-5.0095
-1.98,-5.424
3.4173,-8.0146
0.57432,-3.6729
3.2281,-6.8709
-4.2788,-5.9056
1.7614,-4.2101
0.50999,-3.2129
3.3454,-2.8985
-3.7267,-5.5832
-2.4542,-4.1822
1.3893,-8.89
2.6613,-7.2537
2.5861,-6.4916
2.1459,-3.8671
-3.5677,-5.5843
5.0417,-5.3214
0.43804,-2.0455
-1.4408,-5.0732
-4.9329,-4.1252
1.9654,-2.7109
-0.36117,-5.1457
1.4949,-4.0243
-1.4439,-6.666
3.1287,-6.4369
-2.6237,-4.2779
-2.6854,-4.392
0.89252,-4.8821
2.278,-5.1848
-5.3139,-5.0228
-1.935,-4.3952
-3.8083,-5.1217
-5.5936,-5.05
-4.898,-4.9046
4.3235,-5.6966
-3.575,-5.5303
3.3138,-1.8484
-3.0281,-4.3355
3.1307,-5.2986
-7.6123,-4.1664
0.86789,-4.4031
-5.5984,-3.0707
-2.9986,-4.9579
-2.9788,-4.678
1.5322,-1.8955
3.4415,-5.864
-3.9597,-5.8622
1.4036,-4.1973
-4.293,-4.1744
-3.4225,-4.4776
-2.5837,-5.1221
2.2297,-5.5365
-2.1053,-5.1721
2.421,-4.7321
2.878,-6.0616
1.0448,-2.0636
-0.49999,-1.5562
0.55573,-3.862
2.1746,-3.4364
1.8904,-3.8698
1.852,-3.4956
2.0256,-5.9683
0.00037639,-3.645
1.6809,-4.7756
2.1609,-5.231
0.94004,-2.9947
2.3684,-2.0151
3.5289,-6.1823
0.35396,-2.4712
-0.14167,-2.9191
4.5198,-5.6537
3.9931,-4.2696
2.7003,-5.385
1.1063,-3.4894
-2.382,-6.08
3.2433,-7.418
-4.4503,-5.6089
-3.0509,-4.7087
-4.2332,-4.7486
-0.91597,-4.6483
-3.7197,-5.0412
4.8239,-5.3157
-3.1138,-4.1043
1.0097,-5.4856
1.0247,-1.2172
-3.7014,-4.4271
3.7428,-6.0338
0.40748,-4.0472
-0.43787,-3.8108
-4.6363,-4.7531
1.4499,-2.6343
1.4053,-3.1871
1.9422,-5.8856
3.3752,-6.6679
-3.0669,-5.1613
1.2133,-3.8807
2.7761,-3.8782
-2.9064,-4.9555
1.9088,-3.9429
0.24734,-4.6658
-2.9571,-4.6222
3.5246,-8.2505
1.1524,-2.6712
0.10851,-5.1546
0.35445,-3.3969
0.94332,-3.1214
-3.1349,-5.9866
2.5587,-5.4241
-5.5067,-4.1762
1.7242,-4.2862
-1.4367,-5.3142
4,-6.2145
-0.0089361,-3.052
-3.3481,-5.6681
2.0387,-4.6944
3.1979,-5.9851
4.4312,-5.1311
-4.3596,-5.6803
0.58566,-3.348
3.0951,-6.5109
-2.8466,-4.5851
3.415,-7.2435
-3.0233,-4.5871
0.72528,-3.1968
0.94727,-4.5462
4.3981,-6.8171
0.96977,-3.3858
4.0502,-6.6904
0.78835,-3.7299
2.9084,-6.3197
-3.4863,-4.8133
2.8616,-5.6784
3.0484,-5.5932
-5.6462,-5.3571
-3.3244,-5.2138
3.4886,-6.4186
0.62067,-3.9054
0.8661,-3.5015
-3.7879,-6.1125
-4.4787,-5.6462
-4.6343,-3.6678
1.1861,-2.2271
1.812,-1.7257
1.7062,-4.8841
1.3611,-2.1287
2.33,-5.2002
3.9071,-6.2449
-0.57114,-5.8061
0.4288,-3.2654
2.3142,-7.2243
3.268,-6.7322
0.85499,-3.3668
-3.8129,-5.9654
2.626,-5.8462
1.5579,-3.6652
2.0239,-1.7724
3.9748,-5.5426
-2.376,-6.0241
3.3191,-6.2632
2.0207,-6.1741
2.08,-5.5373
1.1426,-2.2265
-0.088266,-4.8528
0.27349,-2.8274
-2.9031,-6.7256
-0.31823,-1.7116
2.1394,-1.4065
2.4708,-4.7283
-0.80819,-4.7234
1.2571,-6.3644
-1.9974,-4.8265
4.4228,-5.6291
3.306,-4.6883
0.88254,-0.65061
1.199,-3.6676
-4.9288,-3.682
-1.7243,-4.9752
0.21855,-2.3273
1.772,-5.7409
4.327,-4.3575
-4.0317,-4.5923
2.2785,-2.4977
3.6514,-6.2353
-1.8401,-5.2539
2.6615,-6.3199
-2.2507,-5.8965
-3.0825,-4.278
-1.4633,-5.9492
1.4053,-1.9668
1.0794,-7.8463
2.9311,-5.6617
4.1295,-7.5164
-1.7609,-5.9931
3.3817,-6.9091
-1.437,-5.2715
-3.4275,-2.9912
-0.59595,-4.5508
3.4232,-6.9416
1.0501,-1.2978
1.0754,-3.5773
1.6892,-3.6122
-3.8368,-4.7615
2.8702,-6.2386
1.8417,-2.272
1.2907,-2.329
2.0959,-1.7075
3.846,-5.9701
-3.9517,-4.8848
-2.4254,-4.9881
0.38135,-6.9901
2.8063,-7.044
2.03,-4.2324
-2.3847,-4.6842
1.0247,-5.771
-1.0461,-3.3746
-0.64622,-4.4062
2.8426,-4.6177
0.22712,-2.4414
1.5938,-7.202
-2.0831,-4.734
4.4218,-5.1829
2.1311,-8.1094
3.9748,-5.409
-4.9646,-5.3067
2.1364,-2.8387
3.5439,-7.0712
-1.2858,-2.651
1.4013,-2.0516
0.38888,-3.2523
-0.54822,-4.308
-3.6041,-5.4669
2.1384,-4.6903
3.7053,-6.7898
3.6815,-7.9877
3.7729,-5.126
3.3192,-8.7916
2.3975,-4.9508
-0.3922,-5.3049
-0.63648,-3.4915
1.9219,-2.6957
2.9422,-6.2306
-4.1532,-5.2782
3.1468,-5.3709
1.7178,-2.9004
0.66013,-1.6772
2.8763,-7.8371
-3.0015,-5.1143
0.75727,-3.4537
0.063486,-1.8019
3.8889,-4.3464
-5.1991,-5.1248
1.1593,-2.1509
0.67899,-5.9177
2.7342,-2.4162
1.2303,-4.9325
0.27233,-2.4875
0.73908,-2.6081
-6.847,-5.3593
-0.144,-0.94746
0.13411,-3.186
1.0314,-1.2639
-4.9538,-5.6553
-2.8447,-4.7085
2.612,-6.0157
-1.4495,-6.1997
0.44288,-2.8996
-3.4222,-5.4238
3.3907,-4.6506
3.8914,-4.6417
-3.3365,-5.5694
1.9008,-4.1083
1.8376,-1.9706
1.5026,-2.9805
-0.48306,-5.6562
2.1547,-7.7949
2.161,-4.1834
2.8778,-3.3024
3.5419,-6.1856
1.0065,-3.666
2.4209,-5.9975
-2.677,-4.9635
4.2375,-5.2194
-0.081756,-2.5374
-2.9289,-5.3878
3.233,-5.9829
1.3582,-1.7778
2.9559,-6.8725
2.6296,-4.8216
0.71193,-2.5523
2.7105,-2.256
-5.999,-5.188
-4.1586,-4.0961
-1.6617,-4.5227
1.6967,-5.7636
1.9258,-5.4881
2.0205,-2.2748
3.062,-6.6432
-3.6776,-5.8783
2.4006,-6.1894
-3.9992,-2.9645
-4.6528,-4.2633
1.0098,-3.626
0.82659,-3.2092
-2.4401,-4.3529
-4.6111,-5.2445
3.0841,-7.0966
-3.5705,-4.5139
2.3505,-3.9503
-2.8963,-5.5026
1.0992,-1.5297
2.003,-8.7742
2.3883,-2.5378
-0.40554,-1.8173
0.53358,-3.3363
-1.2704,-4.2582
2.1224,-6.0566
3.706,-5.0375
-0.044428,-2.8121
3.8141,-5.6137
0.76117,-5.582
-1.7068,-5.1546
-3.3246,-4.9109
1.7902,-3.5213
-3.6764,-4.9902
-4.8167,-5.5249
-5.1194,-5.6513
1.9505,-6.2166
1.615,-2.1647
0.8377,-2.8845
0.52512,-3.9342
-4.5038,-4.9039
4.3613,-5.9145
-3.5101,-4.4629
-4.7531,-5.514
-1.1309,-4.7073
2.6178,-7.8276
1.0493,-3.4934
4.0418,-4.1774
2.1808,-4.1064
2.6444,-5.9706
0.80805,-3.1809
-2.4904,-4.6409
1.3919,-6.2084
3.1434,-6.0198
-4.7291,-4.5087
-3.8164,-4.5759
0.50279,-2.3802
-3.3129,-6.1449
1.7522,-2.6679
1.0671,-1.7128
1.7728,-2.6052
-0.38168,-3.767
1.9317,-3.2249
2.7014,-2.6661
-2.3199,-4.2819
2.8267,-5.8493
-4.8728,-5.143
-1.2896,-4.5686
-5.7062,-4.8204
2.7476,-4.9082
-1.7455,-5.3246
-0.37221,-3.0645
-3.2126,-5.0095
-4.1554,-4.8259
-2.0481,-5.1343
2.1798,-6.3785
2.6515,-3.4191
1.4142,-3.4315
-1.5226,-4.4284
2.2764,-5.5077
0.8384,-2.1745
-2.3618,-4.5923
-4.1453,-4.442
1.7325,-6.7599
5.0262,-6.1523
1.3271,-5.0732
-0.029108,-5.2289
2.6832,-7.6262
1.5018,-2.5078
3.2665,-5.6938
1.6346,-4.2165
1.8049,-4.3462
1.1556,-3.5054
0.88543,-1.9635
-3.9417,-6.4869
-1.8442,-4.9594
4.2656,-9.1564
-1.159,-4.8587
0.42716,-2.0663
2.6382,-1.6771
-0.53481,-2.7314
-4.0956,-5.5402
-1.4992,-6.2641
0.94119,-3.0644
2.3058,-5.8727
1.961,-6.2542
2.2923,-6.3203
-3.9341,-5.0264
-5.3832,-5.7141
-3.1955,-4.5303
1.8828,-4.4391
3.8724,-5.0247
1.6398,-5.6455
1.341,-1.1112
2.6968,-4.9913
5.9316,-6.3288
0.79539,-2.616
0.65437,-3.4061
1.928,-1.1931
-2.468,-6.0118
3.5725,-3.9782
1.446,-2.1187
-4.9787,-5.4592
2.3133,-3.5607
0.55394,-3.167
4.7429,-6.5486
3.548,-6.4451
4.3001,-7.9674
-1.1971,-4.4727
3.2986,-6.1518
2.9065,-5.2371
-4.3326,-5.212
-1.3523,-5.0529
1.4405,-3.503
2.3009,-5.3829
0.17569,-5.2959
3.9715,-6.3683
-2.3021,-5.5669
2.7411,-6.4983
-0.32439,-2.6876
2.7806,-5.4811
0.89465,-4.4468
-4.5011,-4.4251
2.0601,-3.5833
-3.2652,-4.498
2.6572,-6.0575
2.681,-6.1698
0.78753,-7.1493
4.6805,-4.4561
3.1352,-5.8937
-2.9618,-4.6987
-4.5879,-3.7247
1.6683,-5.2427
3.5763,-6.1534
0.93012,-4.2154
2.0861,-5.8314
-2.2203,-4.7331
1.6051,-6.0407
1.4947,-1.8457
-0.017095,-0.73066
-4.9564,-4.6346
-3.006,-5.5711
-4.1383,-3.9073
0.30153,-2.7108
3.9252,-5.928
2.9125,-5.5162
-0.44822,-4.3205
0.62796,-4.2567
1.9136,-2.4721
3.5664,-5.5833
-4.7525,-4.9314
-0.69725,-1.4776
-0.38844,-5.3941
-0.60378,-2.0349
-2.7648,-5.8378
-4.1144,-4.1631
1.514,-3.5667
1.7816,-2.3968
0.4093,-4.5544
-4.1137,-4.8283
-0.34386,-2.5974
1.8996,-6.0037
-2.1313,-4.3819
0.2277,-2.6132
3.7106,-7.0543
-4.5425,-5.0329
2.0907,-2.8187
4.2925,-6.0009
0.60578,-1.6222
-0.87142,-3.0198
2.4834,-6.2442
-3.1233,-5.7009
-3.0422,-3.9853
2.1328,-6.4163
3.1978,-5.0552
-5.8192,-5.3869
2.5244,-4.8748
0.62275,-4.3088
0.31765,-1.0755
2.6574,-3.886
0.20613,-2.5992
-2.7949,-5.1043
1.9735,-5.5496
4.2485,-6.7225
0.23806,-3.3546
2.7865,-5.5365
-2.3715,-6.9563
-0.12214,-4.3442
3.7778,-3.102
-3.0233,-6.0823
-1.9865,-4.9193
-1.158,-4.0209
1.8088,-7.3422
2.3092,-7.0793
4.5026,-6.3844
3.0544,-5.7789
-5.5321,-5.0517
2.4121,-0.98026
-4.27,-5.123
0.47771,-3.0176
-2.2663,-5.4463
2.0718,-3.2151
0.28145,-7.6916
0.62236,-0.44118
-2.5864,-5.1894
2.2031,-2.9766
0.9314,-4.6425
2.6059,-3.9044
-3.2848,-4.7469
-4.2926,-4.1453
2.1316,-2.8939
-1.8423,-5.5545
4.1204,-7.13
1.5772,-5.2437
-3.045,-4.2078
-4.562,-5.3695
0.43463,-2.1117
-4.2792,-6.4063
2.3067,-4.2581
1.4906,-3.2889
-1.3283,-4.5018
-0.30853,-3.2583
-3.2506,-5.2403
0.41648,-5.2123
2.002,-6.5296
0.65555,-3.1393
-4.4573,-5.0119
3.4598,-4.9069
0.039792,-0.96257
-4.7264,-5.1468
-2.2227,-5.8633
-1.7288,-6.0885
1.6694,-3.9111
3.8149,-5.0506
-0.60755,-3.7897
-2.0262,-5.9798
3.8941,-5.2627
-3.2679,-4.7382
2.0032,-3.4383
0.67706,-2.3358
-2.6977,-5.5019
3.6103,-7.6459
0.09565,-3.702
3.229,-6.6882
0.4363,-3.2015
-2.223,-5.5422
1.0527,-2.1673
1.6952,-6.9544
-0.34708,-3.3425
-4.8515,-5.7059
2.9939,-6.7054
-2.371,-3.5249
-3.069,-6.1913
1.1183,-3.2648
1.8515,-3.2021
4.1949,-3.3657
2.1723,-6.5143
3.0602,-6.2608
2.2324,-1.9108
-3.4902,-5.7009
2.7601,-5.0449
2.0863,-4.8242
-1.7453,-5.3856
1.2864,-2.5068
4.0602,-4.9544
2.3829,-7.8178
0.87033,-3.4124
1.1842,-5.649
-1.6587,-5.5636
-3.0094,-7.001
-3.1267,-4.9612
1.2836,-0.31806
-1.7338,-3.7475
5.385,-4.9844
3.8219,-5.1553
-3.2647,-5.4217
2.3671,-6.0725
-5.8492,-4.9886
-3.5379,-4.2682
0.21101,-2.4083
2.8029,-5.6223
2.3633,-8.3566
1.2053,-3.9438
0.15798,-2.6462
2.0446,-2.3016
3.5902,-5.674
-5.057,-5.4545
2.2522,-7.5671
2.1237,-2.5377
-1.0858,-3.3273
-2.8716,-4.9971
4.1718,-4.685
2.9629,-6.058
-4.1987,-6.2618
1.4969,-4.8622
3.4492,-5.0939
-3.2231,-5.1494
1.7937,-5.9585
-3.7399,-5.7707
0.29947,-4.634
-1.8052,-4.6103
-4.4573,-4.5592
0.68035,-2.774
-2.742,-5.3296
-3.3321,-3.9379
3.6358,-6.6766
2.9299,-6.214
0.62961,-2.8499
-0.43276,-2.0971
-3.2408,-4.3613
4.9309,-6.9302
2.7559,-8.7447
1.441,-3.7844
0.52658,-2.8389
-3.8058,-4.196
-3.3146,-3.9499
-2.7226,-4.6257
1.8672,-5.6719
2.5042,-6.4589
3.4976,-4.8183
-3.273,-5.54
3.2287,-7.4825
3.6436,-6.5806
-3.1053,-4.9214
1.1141,-3.5016
1.4995,-1.0665
3.8121,-7.5424
-3.4856,-4.1761
3.0468,-5.9079
-0.93224,-4.6857
3.777,-5.081
1.8315,-7.8165
2.341,-3.4215
2.2838,-1.588
2.0121,-5.9418
0.59609,-2.1381
2.8156,-4.0794
-2.6927,-5.2764
1.7208,-3.6973
-4.3699,-4.4309
-3.0642,-3.4338
2.0703,-2.7134
1.419,-3.7219
-4.4104,-4.8106
-2.6652,-5.1904
3.219,-5.2082
-2.1546,-6.3277
0.40708,-2.8697
1.752,-2.5384
1.68,-7.4291
-4.8332,-5.7319
-1.0776,-3.377
-4.394,-6.2108
-0.4033,-5.9919
0.79381,-4.1629
-4.1756,-4.7675
1.7567,-3.5259
1.6067,-4.9541
2.5567,-5.8842
-0.68672,-2.1036
-3.4694,-3.5268
-0.38846,-2.5311
-2.8457,-4.9463
0.93354,-2.927
-1.3955,-2.3708
-2.6379,-6.7096
0.71965,-3.5108
4.5249,-5.806
-1.0395,-4.6695
-2.1648,-5.2636
-0.7305,-5.2802
-3.788,-5.1048
-2.2485,-4.321
-0.00049232,-2.365
3.796,-8.0352
0.96914,-2.0321
-1.1336,-5.0293
1.2974,-3.066
3.1388,-6.4412
-4.4913,-4.7166
-3.4802,-4.5591
3.1334,-7.6139
-7.126,-4.5934
2.63,-5.8325
2.5723,-8.4779
2.1726,-2.507
2.9003,-5.8584
2.9628,-5.8256
-3.2073,-4.2633
-3.6198,-4.4232
-4.6336,-5.3433
4.106,-4.9352
2.0737,-2.9012
-1.997,-4.728
-3.1734,-5.2095
-3.2294,-5.7952
2.2044,-4.1876
4.3872,-4.6448
1.5911,-2.3463
2.9075,-5.7624
1.1402,-2.516
2.8715,-4.1068
-2.885,-4.8786
-6.4264,-5.9713
-4.4984,-4.3343
-2.7932,-5.6619
1.3691,-1.3995
3.0498,-6.5117
2.9603,-7.6139
-0.45509,-0.57557
-4.5056,-5.3095
2.5435,-3.1265
-5.0608,-4.8587
-2.2175,-6.023
-0.25731,-5.4827
2.3432,-5.0476
-4.8835,-4.0572
1.4009,-1.507
2.5968,-5.3403
3.3117,-4.2414
2.0057,-6.5665
-3.3507,-4.7543
-3.2298,-5.2967
-0.62004,-5.2426
0.44999,-3.9416
2.3599,-2.5311
-0.54712,-5.3544
3.7691,-5.2441
1.8196,-4.4858
2.7482,-1.841
3.1576,-8.067
1.4279,-4.563
0.53697,-2.0727
-2.3152,-4.6444
0.044618,-2.5031
-2.6285,-4.1517
-0.089674,-3.2383
-2.0222,-3.9081
-4.2038,-5.3341
-4.4513,-4.0367
-2.8827,-5.1805
-2.2439,-3.6627
2.2415,-6.1726
3.1785,-5.6414
3.9985,-5.3299
-1.1125,-4.4873
-3.7855,-4.4831
0.70518,-3.2676
-2.0635,-4.9814
3.5522,-6.3687
-2.0635,-4.5434
2.617,-5.9462
0.78913,-3.7008
1.8905,-3.2125
2.5512,-5.4294
-2.9012,-5.7543
-4.9927,-4.5729
0.23837,-3.2067
-0.92964,-2.7854
2.5845,-6.3557
-3.2032,-3.9589
1.7647,-3.2616
0.5161,-5.4934
4.9991,-8.11
-0.62552,-5.7754
5.4382,-6.4516
1.4312,-5.0685
0.6067,-4.1707
-2.1218,-5.887
2.9117,-4.6968
0.28176,-4.878
-0.20078,-3.1088
2.6876,-3.9674
0.35205,-0.90526
2.6887,-5.5595
2.5041,-7.7699
3.3832,-6.9704
3.5461,-5.3223
-4.7462,-4.6626
3.0547,-7.3352
-0.42277,-2.9062
1.7837,-2.1612
2.3489,-3.6273
-0.93295,-3.951
-3.0461,-5.6275
1.7696,-3.8297
3.1124,-6.1476
5.0372,-7.6281
3.3017,-7.975
0.97839,-3.7784
5.3946,-5.5511
-4.0907,-6.4056
2.9987,-6.8223
1.4885,-3.6444
0.22575,-2.9916
3.1336,-5.6005
-2.3756,-4.5385
4.2367,-7.5655
-5.1347,-4.9554
-3.7343,-4.7759
3.5282,-5.9872
0.97107,-2.3971
-3.9008,-4.6847
-2.0165,-6.0818
-3.4063,-4.5698
2.112,-6.5759
-5.1214,-4.1413
0.22334,-3.592
1.613,-3.2188
1.5837,-2.5214
3.3808,-6.6084
3.2731,-6.1012
1.4492,-4.4258
3.822,-5.1822
-3.0453,-5.1535
-5.5094,-4.7395
-3.1293,-5.8859
-1.3849,-5.1698
0.93019,-2.2688
-4.6183,-6.3685
0.67587,-8.1295
1.7513,-7.0983
-4.4773,-4.1217
-4.1295,-4.5484
3.2434,-6.2446
-2.1665,-5.5638
-1.6507,-5.5633
1.4867,-6.7535
2.9633,-7.3262
2.9847,-4.7044
1.1766,-2.6445
-1.6356,-4.3688
0.3947,-5.0396
-6.1062,-5.0896
2.0672,-2.3344
5.1771,-5.849
2.3069,-5.1837
-2.6497,-4.3803
2.1707,-6.3631
-4.901,-4.8638
3.0169,-5.04
-3.5281,-4.6805
2.0642,-1.8656
3.0281,-7.5037
-3.4044,-6.1696
-0.1274,-3.9279
2.3867,-6.5881
-2.6719,-5.4941
0.17812,-4.7019
-3.0879,-4.7635
3.5638,-5.6944
2.1486,-1.6481
1.2884,-2.5718
-3.4486,-3.8952
-3.719,-4.8831
-5.2196,-4.8981
2.5831,-5.1102
3.2719,-6.4836
2.3354,-1.5954
-0.030871,-5.0511
-3.1557,-3.9499
1.99,-3.3448
-2.9052,-5.367
2.5353,-7.339
1.265,-1.7205
-2.7449,-4.8182
0.99145,-3.5852
-1.8597,-4.4625
2.8558,-6.3102
4.0424,-7.3597
-0.76932,-5.1427
2.7882,-5.0435
1.4577,-4.2539
4.2249,-6.549
0.7153,-3.3304
-0.078336,-2.7123
-2.2685,-3.3344
1.1387,-3.0139
-3.5817,-6.4331
-0.49732,-4.8847
0.58358,-1.3439
4.2071,-4.4143
1.6726,-1.7105
3.2742,-7.0409
0.80665,-2.3828
-3.9135,-4.3257
0.12266,-3.3423
3.9175,-5.2929
3.5643,-6.4906
1.7088,-5.057
-2.5615,-6.3257
0.90589,-2.9196
2.0423,-6.7349
2.1216,-6.5288
-5.101,-5.8108
-1.6487,-5.4378
0.74375,-4.5144
0.85344,-3.9732
0.94034,-2.6398
1.8693,-2.9883
-0.46934,-3.9682
-1.651,-4.8569
-3.8291,-5.688
3.9668,-6.1872
-2.958,-4.8711
0.76147,-3.0469
1.3984,-2.5836
-3.3041,-3.7074
3.3348,-2.3345
2.0413,-3.5545
2.9707,-4.7163
2.0547,-4.0488
2.5634,-5.9371
-3.3893,-4.4106
2.7789,-6.2569
2.3157,-4.3544
-2.1388,-4.7392
0.61268,-2.9198
2.1867,-1.3308
-3.936,-4.2557
1.194,-5.2262
-1.9842,-4.965
0.70869,-3.2112
-5.1095,-5.6611
0.10705,-4.1738
3.7214,-5.9213
-0.87758,-3.241
-3.7171,-4.6625
-5.4435,-4.7429
2.8557,-6.0043
-0.8998,-5.7309
-2.0082,-5.0276
3.8801,-5.3235
1.6203,-1.9474
-0.43204,-2.9905
-2.5991,-5.692
-1.31,-4.9321
0.27528,-3.7166
3.8415,-5.5886
2.4358,-2.7985
1.6357,-1.7918
3.6506,-1.9095
1.7449,-4.2511
2.5086,-6.0682
2.1842,-3.8952
-3.4065,-6.0491
-4.3625,-4.3941
2.9015,-5.0048
0.19968,-2.662
3.009,-7.3405
3.0728,-5.2872
0.19996,-3.4576
-1.6509,-4.5207
0.63417,-3.6172
-0.012171,-3.0788
2.2994,-6.4511
-2.6532,-4.3143
1.7316,-4.0615
-0.55294,-1.9286
-3.8643,-2.8263
-3.2613,-4.9627
2.1739,-2.7958
0.18013,-1.6967
0.99726,-2.5282
-2.4075,-5.0361
0.73153,-3.2482
1.9,-6.937
2.4776,-6.4411
4.3197,-6.3489
-0.51708,-5.3534
0.10649,-4.1216
0.9403,-2.0438
-2.559,-3.2459
3.8279,-5.8649
1.6313,-2.4641
1.0915,-3.8323
-2.7231,-5.0684
1.1393,-3.0208
1.1299,-3.0473
0.4716,-3.7711
4.4317,-4.9919
2.3542,-6.5412
-2.2405,-3.6988
0.62995,-2.6944
-1.247,-2.683
1.7669,-5.0347
-0.25129,-2.4038
-5.5075,-5.0222
-1.9701,-4.9614
-5.8643,-5.0956
2.8899,-2.8287
3.5162,-6.2209
-1.8385,-2.6489
-0.69634,-4.5453
1.7255,-5.8507
1.159,-1.9258
-3.9881,-5.6963
-1.3836,-4.6805
-4.8567,-4.8927
2.6032,-8.1544
-2.1226,-3.7688
3.2729,-4.3117
0.22863,-2.2957
2.7683,-4.9977
3.0766,-6.4666
1.6754,-3.5314
3.1805,-3.0062
-2.9861,-6.107
3.6155,-4.4449
-3.8388,-4.6727
3.2298,-1.8509
-3.6047,-5.3967
-3.3122,-4.302
4.4022,-7.4421
2.8013,-3.8748
1.4651,-2.3801
0.94668,-3.251
1.7715,-6.0479
-0.35729,-1.4079
3.921,-6.6319
-0.86947,-2.82
-0.27183,-2.7152
2.0903,-6.1694
-3.2569,-3.4111
3.334,-6.509
-0.062615,-3.5414
-3.8715,-4.0183
3.8571,-4.5297
-2.0036,-4.5202
-3.9293,-4.2234
-3.8249,-5.1554
-0.75734,-6.0296
-6.2656,-4.1317
-3.0929,-5.0772
1.9958,-7.8278
2.3016,-7.2106
-5.0348,-3.8499
2.7336,-5.0977
-1.3553,-3.208
2.4013,-5.7461
-3.8653,-3.4775
-3.9151,-4.5885
-2.8265,-4.6148
1.6625,-5.6112
-0.58404,-2.7447
3.2414,-7.3179
3.138,-5.6674
-2.1256,-5.2592
-0.20936,-5.4098
3.1258,-6.8177
5.9109,-4.0677
2.3246,-1.8962
1.9695,-1.9961
1.4187,-2.5589
1.5593,-3.07
1.1819,-3.3806
1.7686,-1.8402
2.7332,-7.3669
1.4726,-1.4091
0.35996,-3.4251
0.06527,-3.0322
-2.1467,-5.1323
3.1347,-6.0797
-2.5822,-5.2689
1.4831,-7.2367
1.0979,-3.0358
3.1109,-6.3308
3.5103,-6.3988
-3.6548,-5.2703
4.343,-5.0681
-4.2747,-5.0553
1.1393,-4.7759
2.094,-2.7024
0.17757,-2.7524
3.8059,-6.2679
0.81246,-3.6225
3.3584,-6.7987
-2.2746,-3.9521
2.2475,-7.7611
-1.5323,-4.3847
-3.4571,-4.6729
1.5949,-4.0559
4.8051,-5.7931
-3.2675,-5.9107
2.6484,-6.8479
-1.8789,-4.1669
0.19618,-2.0323
1.9337,-2.6174
0.33066,-2.7219
0.268,-5.7817
1.9099,-7.0473
2.3975,-6.2429
0.46768,-3.7691
0.20728,-3.283
1.9172,-2.8942
-3.1802,-4.8402
1.7283,-2.1611
1.4431,-6.8477
0.82688,-5.7024
2.3546,-6.888
-0.4327,-2.0871
1.3876,-3.1223
3.3803,-5.9378
3.0506,-5.3613
0.24946,-2.6573
0.31314,-3.2294
4.4391,-6.5875
1.416,-1.6373
1.0462,-2.6291
4.2688,-5.6973
-4.2498,-5.42
0.48932,-3.8541
-3.2627,-4.7338
2.4562,-5.5266
-2.978,-4.8803
2.1805,-3.2656
1.3357,-5.017
-1.7327,-5.4973
-3.5725,-5.767
-2.0252,-4.7337
4.3871,-5.8388
2.7344,-4.5835
-1.6581,-4.8813
1.1037,-2.1974
-0.48792,-2.467
-4.3563,-3.23
0.42259,-2.5
-4.1152,-4.8928
-4.7498,-4.4323
0.10006,-1.3053
2.3963,-6.6478
2.1276,-7.3209
2.1685,-2.6234
-0.47733,-5.4863
-6.1236,-5.5442
3.0405,-6.6197
-3.1393,-4.1415
-4.0734,-4.9308
-3.7367,-5.0364
-4.0781,-4.4275
3.9934,-6.5715
-2.2336,-4.8068
1.4224,-3.2734
0.55007,-2.0782
-0.26988,-1.1358
2.289,-5.986
-3.7,-4.7024
-1.7549,-4.1839
-4.6432,-5.7793
2.7231,-7.1934
-2.9765,-6.8447
3.2577,-7.0852
0.48062,-3.8303
1.4572,-3.8512
0.27788,-4.1529
2.7351,-6.074
1.7968,-3.5831
1.9539,-6.457
0.44738,-3.1566
-3.9681,-5.2103
2.6383,-6.7284
-4.8612,-5.0709
1.766,-2.9089
2.1856,-5.4673
1.078,-2.5782
-3.2821,-6.3919
-6.3655,-4.574
-1.2021,-4.1531
-6.0713,-5.2377
-3.9414,-5.1973
-2.3831,-5.7919
-0.97696,-4.4561
1.016,-3.1484
1.2209,-2.0209
3.538,-7.1409
0.029504,-3.0505
0.49983,-2.7524
2.733,-5.508
4.8806,-4.5478
-4.1431,-6.3064
4.1435,-6.0755
3.0548,-5.0174
-0.24137,-3.0263
-1.7147,-5.8791
2.0291,-5.3755
3.4797,-5.9294
4.9523,-7.1914
-2.7676,-5.2827
-2.6236,-5.0115
1.5625,-5.4887
-4.6419,-6.0652
4.5661,-3.3737
0.75373,-3.4409
2.2753,-6.3844
4.1611,-5.8578
-3.0299,-5.0018
0.28878,-4.1524
-2.9297,-5.4888
-3.7076,-4.1586
2.2279,-6.6131
-2.4347,-5.0305
2.817,-4.0744
1.7846,-1.9356
1.0958,-3.4861
3.6102,-5.664
-0.00030722,-3.7694
0.26758,-1.6646
2.9863,-2.5287
-2.6736,-5.3726
3.0615,-5.1776
-2.3954,-4.1984
-2.2916,-5.6198
2.135,-7.1228
1.6765,-5.7225
3.5055,-5.5184
2.191,-5.9429
0.84078,-5.3202
3.0531,-4.728
2.7803,-3.1971
1.8772,-3.0048
3.7048,-5.9335
-3.1519,-6.1205
-1.3117,-4.5076
-2.3948,-4.2234
3.1751,-7.2653
0.38628,-3.4133
2.6762,-2.9554
0.096005,-2.0669
-3.1297,-4.5309
3.6275,-3.1378
0.81114,-3.0756
0.95694,-6.0513
3.9024,-9.1033
1.3926,-5.4909
-3.4082,-5.3284
-1.9145,-4.9566
2.7166,-6.0995
-0.87213,-6.0141
3.8956,-3.1385
1.9562,-5.5556
-6.3512,-4.5337
3.3831,-4.6854
-2.5046,-4.5403
3.5882,-6.7374
-3.465,-5.9757
0.31958,-2.209
2.6117,-6.3678
5.6391,-6.9665
-0.11017,-3.2864
-5.7362,-4.2597
3.4314,-5.048
3.8894,-5.7873
4.3033,-7.9596
3.1819,-6.1739
2.0025,-5.9035
4.3105,-4.479
-0.3896,-3.7533
-2.3713,-5.3989
1.7737,-3.2267
3.4085,-5.6302
2.8623,-5.6696
0.28362,-3.7583
3.6273,-4.2733
1.0581,-5.9286
-2.2444,-3.8088
3.1248,-3.2993
0.62678,-2.5003
0.21094,-4.1803
1.8741,-5.8696
3.3299,-7.5892
0.93056,-1.8621
3.5589,-5.0581
-5.7442,-4.964
3.958,-4.7278
2.1828,-6.3851
1.1342,-0.33381
2.2752,-6.5885
1.6334,-3.8915
-1.5505,-4.0819
2.6767,-4.7202
3.7192,-6.4509
-1.1522,-3.6845
3.5322,-6.3502
-0.85276,-1.9018
0.98605,-2.9408
-0.3318,-4.4061
1.2915,-1.7921
0.62929,-3.2572
3.4031,-5.0134
-0.10767,-4.6098
3.1336,-5.5891
1.7089,-7.8546
3.5606,-6.9162
1.8793,-5.3884
0.90347,-3.7792
-3.3018,-4.9213
3.9063,-6.3401
-3.3209,-4.3786
0.56276,-2.3612
0.79566,-2.8131
-3.3733,-4.2371
0.97164,-4.133
2.3986,-7.3375
4.7468,-5.8491
2.7069,-4.9029
-2.8425,-5.3938
-1.0761,-5.6466
3.3208,-6.137
-5.1259,-4.0741
4.3171,-5.7091
-2.4102,-5.2916
0.45034,-4.4089
-0.20279,-3.5715
2.8425,-3.6739
-4.083,-4.9124
1.9864,-4.1566
3.8552,-6.8736
1.9865,-2.568
0.77581,-1.7982
2.8522,-6.4776
1.4892,-3.1475
-1.7766,-4.8422
-2.77,-4.6148
2.5882,-7.4538
-0.0092409,-5.4599
0.72447,-2.9005
1.5441,-6.4445
2.9224,-5.2776
4.3244,-8.3846
1.2132,-1.3286
4.9181,-6.3298
-3.6167,-5.6692
2.9986,-7.9649
3.9387,-6.102
-2.984,-5.5581
-1.5974,-5.427
3.3755,-6.679
-0.60135,-2.3654
-5.6505,-6.1587
-4.0197,-4.4832
1.5807,-3.0742
-1.403,-4.3602
-5.5273,-4.3809
0.35747,-3.8919
1.3175,-3.8716
-2.9989,-4.9021
1.2927,-1.9497
2.637,-4.1795
0.32884,-2.8823
1.1216,-3.0736
-2.0217,-4.3515
-1.2206,-4.5293
0.02323,-3.1298
0.55221,-3.2748
-3.2034,-5.0755
-3.9064,-4.7445
-5.2984,-5.7774
-0.88262,-4.1389
3.4976,-6.8573
4.3226,-4.5294
1.3823,-8.1606
-2.2849,-3.8507
1.7737,-6.0735
1.4668,-1.3171
3.4396,-7.4732
1.4986,-5.725
1.3801,-3.72
-3.9018,-4.6696
1.0132,-3.5752
2.3001,-2.3376
3.417,-6.3452
0.20818,-4.7111
0.37689,-2.4587
-2.9835,-6.1658
2.1168,-6.8192
-3.9859,-3.9456
-2.6715,-5.0645
-2.6248,-4.9677
2.5553,-5.6132
4.2379,-4.8939
1.3996,-2.7323
-0.059668,-2.7804
-3.9014,-5.674
2.0248,-5.7304
3.0457,-6.7904
-0.1814,-3.084
-3.2396,-5.6209
3.7103,-5.7064
-3.2912,-3.7376
1.481,-3.1742
-2.3083,-4.2461
-0.31369,-4.9649
1.3906,-2.7493
0.68921,-2.1156
0.87626,-0.51541
-1.982,-3.6773
2.5903,-2.5743
-3.9539,-5.6941
-1.7422,-5.6697
3.9841,-5.7926
-0.50004,-6.2172
-0.79926,-1.8753
1.0761,-3.8618
2.0498,-4.0253
4.3792,-5.9835
-0.46356,-4.8509
1.7196,-2.8151
1.0834,-2.6459
3.2719,-4.5649
-0.26825,-4.2802
0.026082,-2.4308
3.4244,-6.9282
1.6676,-3.5109
-4.8092,-4.6748
1.6002,-4.2905
4.4615,-6.4255
4.0005,-5.7761
2.6235,-6.5974
4.7796,-6.4574
2.9631,-8.0423
-5.8442,-4.8085
-3.1937,-3.854
0.52648,-2.839
2.3287,-7.3004
-1.9872,-4.4918
1.86,-3.9338
2.6016,-2.9802
-1.3744,-5.351
2.3699,-5.0153
-2.8708,-5.0468
2.0021,-7.5431
-3.6482,-4.7226
2.2292,-7.3138
3.7935,-6.2691
3.9304,-6.1471
2.7409,-3.7307
3.5648,-4.561
3.0805,-6.5781
3.3437,-6.4789
0.39474,-3.5513
-4.685,-4.063
1.1603,-3.4349
3.1565,-2.0613
1.9018,-2.3486
2.4226,-5.9719
2.956,-5.8517
0.42265,-3.4426
4.7032,-5.3342
-1.1212,-5.3268
2.9672,-4.127
-1.5617,-3.8922
-0.35954,-2.4029
4.7879,-5.021
-2.2589,-4.0033
1.369,-1.6215
2.4545,-3.4477
-2.2757,-5.7098
0.42539,-2.9524
0.95218,-5.4026
0.37249,-2.8047
-0.5518,-2.8954
-0.16219,-2.3101
2.0678,-4.9983
-2.7551,-4.3082
-3.0338,-4.7426
1.5957,-2.9423
1.2546,-2.5124
3.1415,-4.1895
2.5474,-3.8828
-4.1814,-4.8344
1.0271,-3.8137
-3.1192,-5.6514
1.2461,-2.6208
3.7282,-6.0803
0.044977,-3.1614
3.4869,-6.837
-2.977,-4.2742
0.41306,-3.1826
3.0543,-5.7968
0.1528,-3.2696
-4.869,-5.8142
2.5727,-2.8549
0.32538,-1.7551
1.1432,-3.4672
3.2557,-5.6035
-2.8116,-4.4046
-2.0219,-5.3761
-0.17753,-4.4068
-3.0151,-4.538
-1.8716,-3.7573
-4.2099,-4.3622
-3.2269,-4.8861
1.8078,-5.9276
4.0987,-6.2011
0.97672,-1.6103
0.41512,-2.1154
-3.9812,-4.7524
3.3756,-7.1773
0.064581,-4.2823
-1.4654,-5.5247
-0.99104,-5.525
-2.6301,-4.7347
3.9004,-5.1055
-5.5976,-5.541
4.0735,-6.9015
-1.2824,-4.1565
1.3438,-5.7548
-3.5362,-5.5475
4.8633,-6.6482
2.1238,-1.2632
2.196,-5.2677
3.3276,-6.4347
3.3873,-3.053
2.5265,-6.7326
2.3517,-4.8302
2.1262,-5.0827
2.4258,-6.3583
3.276,-5.1153
-3.273,-4.9936
0.98833,-2.9964
-0.83843,-1.8137
0.87494,-3.5756
0.20839,-3.3811
1.2316,-0.96026
4.0672,-6.1052
4.1689,-7.2425
0.861,-3.3327
-3.479,-4.4185
1.5026,-2.886
-3.3739,-5.4813
-2.493,-5.1373
2.4156,-4.4722
2.4308,-5.0821
3.421,-4.2951
2.5043,-5.6865
1.3067,-3.9893
-4.2526,-4.9143
-2.3266,-3.5643
1.2612,-1.7378
2.5935,-4.7316
2.9679,-5.7714
3.9106,-5.9955
1.1385,-2.1621
1.5323,-5.0239
-2.48,-5.2264
0.85469,-2.7498
-0.33341,-3.8955
-6.7908,-7.8156
-2.6387,-4.8725
3.3314,-5.2704
-4.2109,-4.464
2.9445,-7.3014
-0.81313,-4.7153
4.8007,-7.3201
1.3634,-4.092
3.5241,-6.097
3.7922,-5.642
-0.78309,-1.8574
1.1825,-3.8169
1.6754,-3.8954
-2.3475,-4.7563
0.71793,-1.5998
3.5685,-5.9784
3.7807,-5.623
-0.22662,-5.9735
3.5006,-6.6255
2.2282,-6.6593
-4.6358,-5.0012
2.4855,-6.4852
2.8334,-5.831
1.9093,-2.925
1.7124,-4.1464
1.3895,-8.5368
3.4115,-6.1332
0.67336,-2.766
3.8899,-5.3148
0.47277,-3.541
0.14944,-5.215
-4.1721,-4.3659
2.7865,-4.1851
2.9047,-4.2743
0.671,-2.5526
-3.1761,-4.771
-2.541,-4.4363
-4.2318,-4.5692
-3.7388,-5.6166
-3.2275,-4.0815
2.0229,-2.8491
1.1966,-4.2808
-3.1803,-4.3985
-0.48673,-2.6989
0.16091,-4.1347
-0.65083,-5.1548
-6.427,-3.755
3.2631,-5.6524
1.4355,-8.2808
3.0811,-7.4028
2.063,-6.0883
-3.4564,-6.0614
-1.6928,-4.926
-4.6845,-5.5882
4.6258,-6.8641
-4.9585,-5.6733
-3.0142,-6.276
1.7866,-5.873
2.538,-6.8859
2.5728,-6.1225
2.0862,-2.3485
-2.541,-3.6638
3.9337,-5.4051
3.3954,-5.2189
1.6555,-5.1027
-4.1051,-4.8639
0.96259,-2.5463
1.1228,-1.7108
-2.0788,-4.8484
2.62,-3.1369
-1.8247,-4.6481
0.33722,-3.7748
3.551,-7.3652
2.7126,-2.8488
0.26452,-2.049
3.3388,-8.2084
2.2791,-5.8447
-3.0208,-3.9442
3.8882,-6.9045
-1.8287,-4.8677
-4.0353,-5.0348
2.7531,-6.2182
0.36838,-2.9646
2.7798,-5.4659
1.9507,-3.765
-1.9642,-4.6186
0.36474,-2.7241
-4.9619,-5.2665
3.1468,-6.0233
2.6906,-4.9779
-2.803,-4.3099
-1.2889,-6.4903
-2.9005,-4.5436
-5.3882,-5.4319
3.8047,-5.0207
0.53264,-3.587
-0.087984,-3.5497
-5.8653,-4.026
-1.8715,-5.86
-0.75554,-6.428
3.5683,-5.6171
-1.7344,-4.4456
0.68723,-5.7557
2.6375,-5.5538
-3.0044,-5.3642
4.2978,-5.4844
2.9939,-6.9138
1.2624,-2.4965
2.9474,-6.5105
2.0911,-1.9695
-1.8286,-4.8779
1.9236,-1.8601
3.1061,-6.084
3.0486,-7.1037
-1.6596,-4.7947
1.8457,-5.4
0.96799,-2.3501
-0.33976,-3.7441
-4.4716,-5.9035
-0.19223,-0.95163
1.6546,-3.5298
4.0301,-6.4422
0.22388,-5.5119
1.3416,-2.4493
-2.1251,-4.5321
-0.12629,-0.29867
-0.33732,-4.6957
-1.8392,-4.5267
-5.0511,-5.4148
0.27329,-4.9246
-4.9466,-4.5137
-2.7648,-4.3796
-1.5078,-2.8973
-3.447,-6.0748
-3.2437,-4.4086
2.0724,-3.3211
4.0507,-3.7923
0.18212,-5.5652
3.5955,-5.9309
2.0546,-2.8968
1.4261,-4.7423
3.2004,-3.5106
0.96815,-2.56
-2.6169,-4.5186
-2.3536,-5.3799
3.8183,-6.4348
-3.6651,-4.9521
2.9205,-5.0205
-2.9045,-4.0386
-6.0947,-6.2104
-2.2068,-5.4227
-0.25488,-3.1417
3.2314,-6.4282
-3.4193,-4.7318
-1.1452,-5.1707
-5.8621,-4.9799
0.91906,-3.4777
-4.5996,-6.7755
-1.6739,-3.8756
1.1921,-3.6373
0.44499,-2.9368
1.282,-0.67196
-4.7686,-6.0167
-1.4976,-5.1188
3.7757,-6.2135
2.9366,-3.4282
3.7126,-5.9408
2.3649,-6.2397
-2.2339,-4.9655
3.8914,-5.4789
3.5302,-7.4969
-3.4836,-3.6931
-2.1513,-5.9144
-2.0599,-4.2508
0.57881,-2.7815
-3.9495,-4.6509
-4.8747,-5.6538
2.4798,-5.9618
-3.0255,-4.84
1.1559,-2.8955
1.1114,-3.3572
1.4955,-3.8682
-3.2461,-4.3357
-0.47542,-4.6279
2.3494,-7.4259
-2.5092,-4.6196
3.571,-6.7824
-3.9065,-6.1539
-3.7141,-4.7002
2.6931,-5.9848
3.1615,-6.9128
0.05357,-5.4062
1.2735,-3.2457
-3.4591,-5.6587
1.6862,-3.5846
1.6065,-4.7542
3.1174,-5.3578
0.72073,-2.2921
3.2732,-6.0588
-0.60032,-5.0501
-5.5829,-5.0501
2.8528,-2.8696
0.24249,-4.8347
4.6919,-5.1017
-0.68702,-4.3613
-1.5114,-4.7126
1.0823,-2.809
1.6163,-4.278
0.84692,-2.0702
-2.0057,-4.3988
1.1728,-2.5696
2.4409,-4.8766
2.5929,-5.9173
3.3749,-6.3071
2.3036,-6.2044
-3.6603,-4.1633
3.5428,-6.1232
0.98427,-2.5514
-0.83532,-5.3519
-0.061387,-2.1212
3.957,-5.5392
0.1155,-2.8803
2.7399,-3.859
1.25,-2.4686
1.8708,-3.8287
0.99085,-3.3305
0.55114,-4.4674
0.35801,-3.9333
-0.29414,-4.5826
-2.507,-5.4114
1.3338,-3.9491
-5.1218,-4.2129
1.7566,-6.0777
-2.0148,-4.9742
2.971,-6.3409
-3.7074,-4.5488
1.8091,-3.3005
2.9972,-6.4661
-3.2619,-4.3369
1.6367,-3.131
-5.6309,-4.8855
1.6424,-3.2186
3.9209,-5.4836
4.3177,-6.649
2.6094,-3.3114
3.9151,-5.1575
3.7453,-6.1892
2.1189,-6.9524
-0.53075,-5.7672
2.1135,-5.3989
-2.7542,-4.8257
2.6321,-5.9035
1.6603,-4.7811
3.9017,-5.9868
0.16743,-2.3743
-3.3867,-4.5048
1.0194,-3.4768
-2.2777,-4.7711
1.1437,-5.8852
1.4232,-3.119
3.6817,-6.141
1.4808,-3.3312
3.2257,-6.506
2.2037,-6.9232
1.4447,-2.7045
-1.4047,-5.8499
1.5788,-2.5531
-2.4436,-5.0028
0.19781,-5.1458
4.3132,-5.0109
-0.1672,-2.9329
1.2974,-5.3248
2.7522,-5.5434
2.2478,-6.5649
0.87563,-3.6479
1.1722,-3.4786
1.6375,-2.6972
-0.91664,-5.4999
1.8331,-3.0348
1.3484,-5.3452
-3.4322,-5.0785
2.3479,-2.9357
-5.0106,-5.1799
1.3006,-5.9134
1.8115,-5.6733
3.1365,-6.8077
-2.4622,-5.113
-0.7124,-4.4428
-3.2424,-3.8282
1.891,-2.5102
2.353,-6.6674
4.2966,-8.5472
1.7167,-9.137
-3.3743,-5.0183
-3.2026,-5.1852
3.989,-5.7432
-1.9933,-5.2325
-2.9853,-5.7525
4.4793,-4.2704
0.27215,-4.1575
0.37684,-2.8959
2.6122,-3.2848
-0.061051,-2.3028
-3.813,-5.0683
3.8416,-7.0334
-4.2245,-5.439
1.5971,-2.6902
0.68119,-2.9314
1.6811,-3.1961
3.6236,-4.6978
2.1437,-5.4857
2.0761,-2.3638
-3.3985,-5.2518
2.1028,-6.2001
1.5104,-6.2833
-4.4917,-5.7336
-3.717,-5.8619
3.5691,-4.7619
-3.8501,-4.6857
0.65747,-0.99368
0.25799,-3.6398
2.3285,-5.4174
-0.93035,-5.1679
-0.036812,-3.0891
1.1833,-7.3294
-5.6228,-5.7123
-3.7612,-4.1013
2.366,-6.3833
1.453,-5.9561
3.1859,-5.4963
-0.66041,-2.3383
-2.1439,-1.7827
2.652,-3.4244
-2.1159,-3.883
-2.6847,-3.8957
-3.6464,-4.2258
-2.7176,-4.9135
0.75194,-2.0664
-2.561,-5.508
2.0284,-6.1256
1.3351,-1.9644
0.30612,-3.1095
0.66601,-4.1211
3.6127,-6.3736
1.0162,-4.4574
2.9071,-6.4277
3.9258,-4.4555
1.5637,-6.3423
2.5341,-5.3612
-4.8737,-4.3063
1.8941,-4.2465
4.6294,-7.6136
-4.8536,-5.459
-5.3048,-5.406
-0.029424,-2.082
0.73924,-3.166
0.97736,-2.361
0.83975,-4.0377
-2.1307,-5.4717
2.127,-4.2732
-2.6778,-4.3867
-0.86503,-4.2741
-1.1072,-4.9139
1.1021,-3.9402
0.68352,-3.4283
1.8605,-3.8717
1.3593,-2.309
1.7016,-3.637
4.4177,-6.7439
-3.0943,-5.2311
1.2018,-2.8668
-3.6411,-4.8317
-0.90567,-3.4106
1.566,-2.9063
-3.6398,-5.4731
5.042,-4.9571
-3.2471,-4.5968
3.3439,-6.6084
0.60955,-3.521
1.3443,-5.3881
4.7037,-6.1745
4.281,-4.5999
0.6738,-4.3946
-0.54569,-6.0237
1.4352,-2.7954
-3.0627,-5.9077
2.8159,-4.7894
-2.6598,-5.0753
-0.96086,-1.6803
-0.35663,-3.0211
2.5633,-6.4458
4.4571,-8.6308
-2.7399,-5.467
1.1133,-1.9334
1.2731,-3.3249
-3.9524,-5.8589
1.997,-3.6326
3.5032,-6.0198
3.0863,-5.8392
0.51571,-2.2194
-2.5185,-3.8031
2.0979,-6.1158
1.9316,-4.8101
1.9206,-2.512
1.1137,-3.3637
4.3269,-5.6401
-0.75156,-4.669
3.8544,-5.034
1.1171,-3.3424
2.9044,-3.9685
-3.5435,-4.2055
0.19275,-2.4416
4.2263,-6.5597
-3.9156,-5.2769
-2.7464,-4.7166
2.1602,-2.2285
-0.66004,-3.5511
3.0569,-6.0401
-0.57175,-4.0448
2.9104,-7.1505
3.5143,-4.8202
2.882,-6.7783
-1.9947,-4.4719
2.0258,-6.6559
-0.85333,-3.6068
1.853,-7.8331
2.7886,-2.5964
1.3861,-2.8449
1.8969,-1.3254
-3.3799,-4.5172
-5.5361,-5.669
-4.3018,-3.5399
1.0803,-1.865
-3.7259,-6.2095
-3.8982,-4.4776
2.9675,-3.1038
-4.9835,-4.3133
-3.8814,-4.8326
0.54519,-2.7605
2.2114,-7.8763
3.7877,-6.1797
3.5584,-3.7761
2.5921,-3.2562
2.7049,-2.8342
1.5229,-5.4429
-4.7266,-4.8765
4.5638,-5.8879
0.59873,-7.4735
2.626,-7.5594
3.5779,-6.0172
1.5605,-7.5864
3.4334,-6.1277
0.76856,-1.7682
1.5413,-2.4243
2.1062,-6.7322
2.0185,-2.5729
1.5221,-3.8243
-4.3427,-5.543
2.5799,-6.8144
2.5338,-5.4051
-2.298,-5.3502
2.6516,-5.8474
2.1273,-5.4566
-2.9469,-4.6424
-4.0111,-4.7613
-0.35631,-3.8785
3.3464,-4.655
-3.6185,-4.7074
2.4133,-4.7958
1.3953,-6.4271
-0.36777,-3.1158
-0.91094,-5.4291
5.1408,-7.2263
-4.9033,-4.9454
4.0996,-7.4337
2.9074,-7.3769
1.1946,-3.4643
2.8517,-7.2063
-3.4079,-5.9733
2.3374,-5.9133
2.2991,-6.1611
-0.16039,-3.9586
-4.2579,-4.3932
0.84857,-3.0542
1.2973,-2.641
2.1376,-4.738
0.78291,-2.3724
2.4561,-3.4677
-0.48299,-4.7331
3.1846,-5.8904
1.6743,-2.8351
3.4873,-2.0053
-0.14149,-3.7343
3.2484,-7.6082
3.8089,-5.7825
0.95205,-2.4715
2.749,-7.1213
-2.2344,-5.0524
3.5586,-3.9329
-0.87647,-4.8857
-1.327,-4.8803
0.7914,-3.3694
-0.71361,-4.3601
-3.351,-5.3918
-3.7299,-4.3513
0.66144,-3.0096
-1.4585,-4.6637
-6.3433,-4.7345
-3.8818,-6.3819
0.78392,-1.6008
1.9638,-5.2149
3.7632,-6.8883
-4.2245,-5.4241
-0.26623,-5.3852
4.0252,-5.836
-1.1606,-5.901
-0.08808,-4.9101
1.0384,-3.4096
4.0416,-7.7405
3.5512,-5.7256
2.3347,-6.2446
-2.1645,-4.6761
2.2523,-3.6316
-3.5184,-5.9358
-3.3532,-5.236
-3.5049,-5.1868
3.1372,-5.7346
-0.28556,-4.1903
-2.4243,-5.3808
2.9264,-4.7953
2.8056,-6.5887
0.067188,-2.0304
2.2045,-4.4908
-0.097819,-4.0426
1.8652,-1.983
2.4021,-6.4796
-2.6697,-5.5477
3.2163,-6.3658
2.0653,-7.0781
-0.038762,-1.9826
-5.2957,-5.9681
2.2897,-4.8751
-3.4642,-6.0258
-3.2171,-4.7171
2.1142,-5.1959
-5.8196,-5.5964
0.35635,-4.4726
-1.5829,-6.485
2.1606,-3.9917
1.0831,-3.6313
1.5002,-6.2834
2.6525,-5.981
-3.872,-4.7239
2.3051,-5.2171
0.81725,-2.3369
-2.3576,-4.162
1.4915,-4.4911
-2.8192,-4.8179
2.0964,-3.5665
-1.7981,-1.1397
1.137,-3.7729
-3.7055,-4.5889
-3.04,-4.3101
2.8232,-5.7085
2.9632,-5.4581
0.49701,-3.2597
-3.9626,-5.8825
-5.1941,-4.9197
-0.46803,-2.5781
3.0546,-4.4205
2.8814,-2.8653
4.9284,-7.1861
-2.9006,-5.6249
-4.4175,-4.5059
-1.2967,-3.2062
0.13618,-4.8409
1.4499,-2.61
1.9545,-4.0286
-3.225,-5.1978
2.359,-7.6092
2.4404,-6.9827
1.8072,-5.7066
1.9272,-5.5081
-5.7639,-5.0432
4.0165,-8.8008
3.105,-6.7682
0.47764,-3.3687
0.56099,-2.9132
-3.0421,-4.605
-4.0062,-5.8256
0.34636,-3.2133
3.322,-6.3865
3.9527,-6.0559
3.653,-6.2185
-0.011367,-2.9909
2.4004,-4.4592
-4.6744,-5.8682
2.7006,-5.8084
-0.52731,-2.3562
-4.8092,-4.9128
0.20552,-4.7845
0.72456,-3.4928
-0.27705,-0.46947
1.9721,-2.1262
2.9969,-5.8135
-4.1851,-4.4031
3.5933,-5.3218
-2.4352,-4.5776
-0.4531,-3.728
4.0244,-5.3738
-0.17996,-2.6402
1.0841,-2.0689
0.28102,-3.372
0.92987,-2.2104
2.7866,-6.1044
-0.39891,-3.0923
2.2741,-6.8758
-4.0825,-4.944
2.7388,-7.545
3.2882,-4.8542
1.0466,-2.6107
-2.4538,-4.8819
1.9754,-3.1753
2.1148,-5.2921
-3.6746,-4.4982
1.4025,-6.6481
2.9512,-6.6771
-3.1996,-5.1653
3.7405,-6.2575
-3.4602,-4.3885
2.3878,-2.8501
3.4034,-6.5608
-1.7443,-5.037
2.5068,-6.3172
-2.4326,-4.7655
2.661,-2.4286
1.3321,-3.9631
3.3477,-5.7623
0.75803,-5.5107
-3.4519,-5.0834
-2.2946,-5.6929
5.2458,-7.1537
-2.5787,-5.6616
-4.605,-5.6225
1.0863,-7.0923
4.1181,-4.4243
1.4635,-3.4204
-1.4521,-3.0866
-2.7635,-4.7473
1.9956,-6.1883
3.3446,-5.8625
4.2097,-6.5024
3.2937,-6.2646
1.0431,-2.0855
0.33948,-3.941
-0.41418,-4.9241
-2.9057,-4.4304
0.46608,-2.7337
-2.4542,-5.4981
1.1549,-3.2684
2.8031,-2.7582
1.6906,-3.6957
-0.50302,-3.3119
-1.5035,-3.9639
-3.2139,-4.881
-2.5811,-4.5551
2.9377,-6.8701
0.57317,-0.94598
3.7551,-6.1713
-2.0948,-5.2923
2.4073,-6.4192
2.4703,-4.7096
-1.6145,-4.2873
2.5711,-5.166
2.6077,-6.3356
0.53887,-1.3757
-2.617,-4.9474
1.3384,-6.1191
2.2314,-2.7601
3.6538,-3.9628
-2.0326,-4.9144
1.4631,-6.3198
-0.11404,-6.1776
2.2428,-7.8534
1.6832,-5.078
3.9429,-5.2731
-3.5796,-5.4389
2.5257,-4.4745
-5.4114,-5.2
-5.5736,-4.5648
-1.9125,-4.3785
3.3213,-7.2883
-3.275,-3.9147
-2.649,-5.6386
1.4555,-4.8854
-2.6375,-6.6303
-1.9114,-5.5985
2.5182,-8.4918
1.3783,-7.866
2.4743,-6.3165
0.18363,-1.8854
2.9643,-6.401
1.7317,-6.9714
0.31625,-2.1933
-1.8432,-3.9543
-4.0344,-6.2976
0.98955,-4.2128
2.5261,-5.0836
1.8461,-4.2506
2.5176,-6.8161
1.7658,-4.5686
-2.6822,-4.7665
2.5675,-8.0218
3.2165,-6.4921
-3.5352,-5.0802
-2.6649,-3.4727
2.6823,-6.8543
-1.2468,-5.3667
1.282,-3.3563
-5.0222,-5.1496
-2.4619,-3.6403
2.2279,-3.067
0.94801,-1.5845
0.8975,-1.3152
4.2176,-6.527
-5.2784,-4.4449
1.7059,-3.0996
-2.5487,-5.5032
4.1765,-3.4436
-1.9111,-6.0721
-2.5376,-4.7755
-2.2891,-4.8527
-4.3004,-5.0908
3.316,-4.3852
-6.3287,-4.6795
-2.2374,-5.3195
2.9295,-5.7141
2.7809,-3.6143
2.8062,-6.6141
3.1647,-3.6786
-4.3878,-6.5845
3.1267,-6.1216
-3.679,-4.293
2.7361,-1.5994
1.668,-3.2172
-2.3643,-5.0282
2.7694,-4.0502
-3.1237,-4.8045
-0.75506,-3.2106
3.4001,-6.3001
0.44809,-3.368
-4.5098,-4.4657
-1.6125,-5.5158
3.3141,-2.3482
0.83592,-2.0375
2.838,-4.0472
1.2659,-1.8381
-2.1797,-4.5075
2.8554,-6.2613
2.333,-1.3907
-2.4085,-4.003
2.0869,-5.2542
1.3722,-3.9443
-1.5132,-5.3642
-2.7036,-5.1022
-0.28135,-6.5148
-4.5442,-3.8953
1.8903,-5.3604
0.97197,-3.194
2.9101,-5.5227
3.0243,-7.2596
-2.6149,-6.3872
2.5412,-7.0785
2.5736,-5.3658
3.3929,-6.08
3.3629,-7.3405
3.292,-5.8351
-3.0682,-6.9244
-2.2491,-5.4019
2.353,-0.44656
1.0979,-4.4466
2.1033,-5.1153
3.3802,-5.8186
3.9272,-6.8726
3.5831,-4.5897
-2.7877,-5.4522
1.8901,-6.0732
1.5844,-7.5457
-2.8414,-6.2738
-0.29276,-4.6449
-4.9893,-4.6092
-0.16314,-4.5359
-1.3434,-5.0624
2.8926,-8.2754
-0.55112,-1.3902
3.0282,-5.9355
2.9002,-6.1367
2.6443,-4.6519
-1.8268,-4.3259
-2.0973,-4.4577
-5.1466,-4.3673
-2.9245,-4.7969
3.4419,-7.5847
-2.4823,-4.9464
-5.3268,-5.8696
3.5674,-5.3819
0.43377,-2.0251
-1.6514,-3.9992
-3.1837,-4.3991
3.8287,-7.8653
1.3888,-3.8495
-7.2036,-4.7074
0.9239,-2.4369
-1.709,-4.3938
-1.9186,-3.2825
2.6135,-5.8832
-1.1165,-2.6648
2.0736,-5.6616
-4.3036,-6.241
0.75094,-3.5699
2.7093,-6.1259
3.5375,-7.3513
-1.9424,-5.0166
1.9046,-3.4949
4.1283,-6.962
-2.0041,-5.0873
3.9622,-4.5859
-4.8773,-4.7904
1.2464,-3.6623
3.1566,-6.0831
2.222,-6.7416
0.27422,-3.9573
3.197,-5.416
3.875,-7.9004
1.7602,-4.0856
3.9951,-6.1773
0.80395,-1.4767
-1.1394,-4.8301
-3.6155,-5.5482
2.8322,-5.58
4.1515,-5.9007
2.2946,-7.244
-2.0679,-5.4457
3.0696,-5.4054
2.1164,-3.7321
2.7612,-5.1481
-2.0107,-4.2697
2.0959,-2.8925
0.069054,-2.9346
-0.34872,-3.0622
0.89012,-2.4099
2.3484,-5.3831
-2.8329,-5.9526
0.85555,-1.1766
3.6794,-6.1657
1.5646,-5.0898
-4.0478,-5.5564
-0.45122,-5.034
-2.3485,-5.0791
3.5569,-6.4966
3.3178,-6.3653
-1.248,-3.8303
4.8173,-4.6584
3.7746,-4.811
-4.2482,-5.1294
-1.681,-4.1824
3.1319,-6.4217
1.8608,-3.6756
0.27591,-5.2951
1.767,-6.8878
-1.0021,-4.5757
1.8177,-4.2278
0.4812,-1.5622
-1.2525,-3.8322
2.0401,-2.7994
3.1042,-5.7813
-3.0239,-6.0878
0.82186,-3.3832
1.4516,-4.9521
0.46251,-3.3527
-1.942,-6.1098
-0.29779,-3.9559
3.9293,-6.3286
0.77239,-4.2202
3.9551,-5.3412
1.9681,-1.7593
-2.1759,-4.7875
-3.8286,-4.1482
1.0173,-2.3157
2.277,-6.5904
-4.2293,-3.5068
1.0461,-1.8376
-2.1056,-5.7215
3.2902,-6.7629
-4.2342,-5.1683
0.52254,-4.3773
-5.2872,-4.5995
2.3906,-3.832
3.3017,-6.1537
0.24335,-2.3846
-2.1411,-4.7927
-3.3399,-4.1207
-0.051591,-2.3799
4.6895,-3.3363
-5.1627,-5.4484
0.65988,-4.0672
2.5102,-3.6795
3.534,-6.4944
0.64532,-2.6656
4.16,-8.5142
-0.020177,-3.5584
