3.6484,-5.483
3.2911,-4.8676
-7.2972,2.6405
-4.5012,-0.78803
3.6738,-4.128
3.0292,6.3786
4.7582,-4.8036
-5.5736,-1.1193
-0.41204,5.9346
3.8714,-5.8636
1.8718,5.4248
2.7828,-5.8301
4.6312,-5.1531
4.0998,5.2496
-5.5012,1.5303
2.9223,-4.9942
2.5992,5.938
-5.164,-1.5422
3.4119,-6.5261
4.5698,-4.8254
3.3402,6.0624
-6.4621,0.23915
-4.674,0.73096
-6.4544,-0.70842
5.0322,-4.7499
1.4174,6.5443
-6.5494,0.058826
4.4625,7.0026
1.1816,5.4823
-2.6686,5.8153
1.2107,6.0635
1.7755,5.8317
-5.1291,-1.651
4.4894,-4.7404
2.3831,-4.1014
0.19241,5.3908
0.94199,5.9763
-5.3685,-0.47128
4.8985,-5.5736
1.3167,6.1507
-5.0477,-0.46108
2.6835,5.9137
3.6842,-5.433
3.1162,-3.3156
4.0815,-6.2524
0.73078,5.1317
-6.6641,0.72976
-4.181,0.3943
2.3595,5.5882
-4.5218,0.37618
1.657,6.5031
2.9873,7.0696
4.2418,-5.3345
-4.141,1.7866
5.872,-3.7938
-4.8253,-0.29165
-4.9837,-0.77259
5.1284,-3.9151
-5.7704,0.73893
-3.6915,0.58579
4.0596,-5.446
4.1124,-4.8765
3.8421,-5.7598
-5.6106,-1.0162
-1.4181,5.9606
0.96555,6.1634
0.64707,6.4237
0.62666,4.7441
0.15866,5.7917
5.086,-5.1607
3.7457,-3.7908
5.2764,-4.7434
-5.6596,-0.37294
5.0511,-6.4627
-0.3218,6.6141
3.8656,-4.0418
-4.8156,0.96531
-5.5555,1.4862
-4.4594,1.4156
4.8876,-5.8519
2.2293,6.0419
-6.3694,-0.22915
4.3365,-4.4753
-4.8626,0.98302
3.8898,-4.1183
5.4989,-4.3645
1.0396,6.3359
2.9607,-5.6669
-6.6863,-0.96752
-4.9631,-1.278
4.1258,-5.5965
0.84671,6.0525
-4.9788,0.35004
-0.80576,6.3283
5.3646,-4.197
3.9441,-5.9434
2.9776,6.808
-3.3773,-0.97063
3.1885,6.1483
2.8496,-5.026
3.356,6.1248
-3.0931,1.3764
-6.6265,-0.86461
1.8479,5.8793
-2.8347,0.47747
-5.7983,0.91651
-1.0127,5.5316
1.3642,4.8897
-3.6954,-0.24939
-4.3955,-1.6599
-4.4772,0.017932
2.2755,5.6677
4.3959,-3.9931
3.8038,-4.6916
-0.82012,6.5372
2.2762,-3.7955
-1.0954,5.733
0.20726,6.6275
1.5117,4.8402
-4.2538,1.0019
-3.8163,2.2886
2.5128,7.1375
4.0385,-5.5467
1.5844,5.4891
-4.1478,1.427
4.568,-4.1249
5.1318,-5.9957
-4.5982,-0.18816
3.5532,6.9136
-3.9436,-0.22139
6.4833,-3.9004
-6.1478,-0.85853
4.2207,-3.6469
-5.2577,-0.66961
0.72825,6.1689
-4.963,0.46592
0.70672,6.3631
4.5783,-6.1861
1.321,5.5023
-0.63857,5.2259
-5.5095,-0.61153
-5.3365,-0.42692
-0.75018,5.831
-3.8153,0.55317
-4.4843,0.57732
-0.75991,7.0574
-5.2345,-0.0065028
-5.0997,1.4818
2.3846,-5.3892
1.0403,6.3566
4.1803,-7.0853
-3.9794,0.82866
1.6483,5.7167
-5.3694,1.115
4.9603,-5.7666
-4.1719,0.88553
-1.1667,6.074
4.3144,5.4166
4.4335,-5.7249
-5.3238,-1.8264
6.3221,-5.914
3.1733,-4.3561
1.7855,6.2129
3.5478,-5.0927
-3.87,0.29278
1.7099,5.8026
-6.8753,0.0043687
4.9249,-5.4318
5.305,-6.216
-5.1619,0.28429
3.782,-4.4649
-4.049,-1.1661
0.62894,5.9572
0.96507,5.6522
-1.484,5.9361
0.41259,6.0545
5.4925,-4.1991
5.9365,-4.9206
2.4861,6.3708
0.0899,5.5386
3.7568,-5.3457
1.0135,6.2717
4.2175,-3.3862
-1.2821,4.792
4.0435,-3.3655
-0.68779,6.2414
3.8027,-4.7117
-5.3578,-0.38431
3.1488,-6.4782
-4.1822,-0.036827
-5.4235,-0.87057
0.85181,6.0195
4.8982,-3.8563
-3.7337,0.13184
-3.8884,0.018488
-5.8986,-0.36231
-4.5171,0.17401
-4.5045,0.38143
-6.184,1.5224
3.2496,-5.4809
0.16203,6.2878
2.6451,-6.5049
-3.4166,-0.43107
0.72791,6.121
5.9966,-5.9574
3.9642,-4.1263
2.9284,-4.5272
5.3427,-5.0385
-0.69296,5.6087
5.432,-4.9258
3.2801,-5.7132
3.6629,-4.2765
1.7163,4.5966
-2.2659,6.2449
2.5428,-5.3899
-5.4959,0.53982
-4.7039,-0.67253
-1.5436,6.8027
4.349,-5.0735
-4.0078,0.39411
2.9754,3.9987
6.9121,-4.4367
-0.047811,5.4108
-5.1728,0.12207
-3.4914,-0.64803
3.9006,-6.1985
-3.6916,-1.0435
1.5425,6.5534
1.1926,5.3076
-5.5309,0.32729
-3.8959,-0.067104
-0.10247,7.2299
3.2476,-3.9791
-5.0988,0.63307
0.6658,5.1107
-5.124,0.20253
-4.3239,-0.46637
-5.5982,-0.19156
0.10127,6.1698
3.9897,-5.4522
-5.2298,-0.89119
2.7026,-3.3348
3.5093,6.9237
0.03918,6.1423
1.1945,5.6237
-5.0534,-0.19483
4.1859,-4.7482
2.3729,-6.2345
5.0692,-5.0809
-4.3341,0.88611
4.448,-4.3836
-4.2085,-1.3476
2.6666,6.0348
3.9622,-4.6258
3.7177,-7.7175
-2.9773,0.51124
0.76409,-5.3645
-4.341,2.2993
4.3407,-5.8681
2.4987,-5.4688
1.3169,5.0697
0.15673,5.2649
-4.967,0.1162
4.616,-6.4504
3.9043,-5.0817
4.2558,-4.5089
4.3973,-5.7953
2.9048,6.4382
3.67,-5.4101
2.4601,-3.1977
5.4286,-6.755
5.5217,-5.3239
-5.6161,-0.059645
-5.0752,0.15318
4.2971,-5.4516
0.44581,6.6669
-6.1628,-0.93135
-7.2651,-0.01319
5.2812,-4.6954
4.8199,-5.4899
-5.402,0.28636
-7.1558,-0.69134
2.8183,7.3638
2.6508,5.2448
-4.1975,2.2515
-0.73774,5.8842
-6.2975,0.22934
5.7542,-5.2515
2.6338,5.6335
2.078,6.695
0.93591,6.4368
3.7058,-2.9401
2.8484,6.5851
4.8132,-5.1205
0.28092,5.8047
0.9035,5.6085
0.22183,5.5287
0.67012,5.6441
4.3594,-3.631
1.0083,5.6846
1.7673,6.7864
-6.6631,-2.6288
1.2945,6.2291
1.7901,6.8988
3.2539,-5.1885
3.0623,-6.0827
-5.8214,-0.25979
2.8416,-6.4846
-5.4977,0.47363
1.6002,6.4047
2.4247,5.0972
1.2637,5.4499
4.0461,-4.8444
-5.4722,-1.0183
0.34844,5.0789
2.1089,6.5361
0.46376,6.621
0.7946,6.3116
-0.32992,6.2313
3.7841,-5.9348
3.7505,-5.5137
1.3849,6.2823
-5.4375,0.14172
-0.3143,5.0222
-5.3619,-2.0054
5.9446,6.4051
2.9007,-5.6924
5.0523,-5.2896
-1.4219,5.7408
-5.0858,-1.9733
1.9014,6.4639
2.8986,-6.6032
3.6201,-4.9002
-0.62305,7.313
2.3781,5.4323
-5.6747,0.29906
1.8419,6.3231
-4.9915,0.13501
5.9745,-5.4786
0.69968,7.8008
2.33,-5.1188
1.0972,5.9015
-5.7933,0.026497
0.2603,6.3603
-4.9851,-1.9051
3.5791,-6.1066
-4.5481,-0.038844
1.7201,6.3901
-4.2558,-0.25697
2.9034,-3.9258
4.3696,-5.6346
-5.7876,-2.2254
3.5521,-4.312
-5.4525,0.16792
0.93582,5.6223
-0.63478,5.841
-2.1637,6.5527
-4.8785,-0.072593
3.8807,-5.473
1.3701,6.3418
3.629,-5.7384
4.7533,-5.0699
-2.3771,-0.82867
-0.18592,6.6215
3.3103,-3.2549
-3.6183,-0.16426
-4.5907,-1.128
2.126,5.5325
0.72935,4.5132
5.3935,-5.4734
4.9323,-3.5362
1.4866,5.4786
-5.7579,-2.0022
-1.1383,5.2982
-3.972,1.2552
0.014671,5.7405
-4.0594,-0.72503
1.3115,6.3209
-0.35701,6.3417
2.4568,6.0367
5.1715,-5.062
-3.6391,-0.25727
4.3611,-4.8685
6.6727,-5.5018
3.4434,-5.7898
-5.1326,2.1891
1.6775,6.1694
0.63978,5.0147
-1.058,5.7161
1.8008,5.9184
2.8794,-5.3651
1.5885,6.7872
2.31,6.4975
4.4312,-4.5151
-0.66773,6.1908
2.1967,5.6952
-3.1798,0.27062
4.5657,-6.204
0.76862,4.4778
4.3973,-5.7552
3.5314,-5.0065
2.756,-3.696
-4.9351,-1.3155
4.8843,-5.5335
-4.7977,0.82413
3.7706,-3.8266
-4.1176,-0.47347
2.4071,6.8808
3.1053,6.2125
0.8137,6.7651
0.61529,5.8652
1.4557,5.0001
4.964,-7.0061
2.1647,6.0692
5.891,-4.0387
-1.0893,6.6449
1.7595,5.3703
0.75053,6.8305
-2.0548,4.1714
1.5707,5.5693
0.8135,5.4355
3.3067,-6.9298
3.5486,-5.4444
-4.8468,0.20807
-4.7195,0.18078
-0.52604,6.2253
-4.6045,1.8208
4.7138,-5.467
3.1991,-5.3538
2.4878,7.0684
1.508,6.9278
-3.8159,-0.42411
5.6666,-3.8799
4.8381,-4.3668
0.55762,6.6155
-5.3393,-1.5241
-4.829,0.051651
2.639,-4.028
-0.19565,6.6755
2.095,6.3852
0.20754,6.7743
4.8285,-5.7979
4.101,-4.3659
1.0912,7.2945
3.7586,-6.7298
-5.4742,-0.98724
4.9389,-3.2678
3.757,-4.7139
-0.96583,4.7438
1.5565,5.5639
2.11,-3.4934
3.8524,5.7886
-6.6896,-1.1617
3.384,-4.9445
-3.5378,-0.43787
-4.7279,-1.7294
-3.9523,-0.34395
4.1073,-6.0536
4.5034,-5.62
4.8589,-5.9191
-4.4276,-0.74471
5.2311,-5.0455
-1.2018,5.4085
0.94479,5.4652
1.3152,5.9314
3.2387,-4.7857
5.0732,-6.4084
-5.3387,1.3474
-0.13264,4.8721
5.6885,-3.9825
-5.2431,-0.76464
-6.4707,1.7
-0.14028,6.1417
-0.037064,5.3193
5.6109,-4.0432
-4.2218,-0.19312
-3.8597,-0.25475
-5.1932,-0.90574
0.40241,6.4323
-0.95776,6.1873
1.4459,5.6895
-6.5553,0.63639
-4.8975,1.1997
-5.9866,0.15993
2.0121,5.4955
-0.35852,5.668
0.71114,6.3867
3.7818,-1.2172
-0.25598,5.8598
5.0513,-4.7708
-3.7532,-0.29507
0.26213,5.1841
3.1025,-4.6616
-0.97543,5.746
0.65051,5.4874
1.8391,6.0808
5.4798,-5.3578
3.5362,6.059
1.742,7.7907
1.0978,6.124
-6.9227,-2.8586
1.5282,6.4214
0.71712,6.3573
4.3341,-3.2789
-5.0054,1.8065
0.20253,5.3568
2.4417,5.9403
-4.5355,-0.79511
-4.2532,-1.1542
6.5046,-3.929
-4.9089,-0.92094
-0.2589,4.9941
1.0956,6.1626
4.9933,-5.6855
2.0179,6.3824
2.9462,-5.8692
-0.41208,6.2465
3.0494,-4.0703
-4.5698,-0.60297
3.289,-7.1346
2.8241,-3.3944
-0.29144,6.3242
2.6164,6.9431
-5.8957,0.3154
4.8282,-4.4197
3.0645,6.9712
3.2284,-6.4035
1.6967,6.1412
-1.9154,5.9302
1.6219,-4.1955
2.7488,-4.2526
-4.6315,0.16025
2.6886,5.8109
2.7156,-3.1044
-5.7038,0.61172
1.0393,5.8738
2.0517,5.7674
3.9916,-4.1114
0.63983,7.9174
-0.13953,5.8178
1.2322,6.4581
0.39621,5.644
1.7983,5.9528
2.1659,4.9931
1.9269,6.4091
1.2887,5.9577
4.3992,-4.7243
3.6189,5.994
4.0684,-4.5891
0.81908,4.6383
-4.1306,-0.90882
-5.9593,0.42369
2.0222,5.0517
-5.9076,-0.72805
5.0724,-3.1142
-5.1829,0.12898
-4.2988,1.4392
0.078803,4.1678
2.0166,6.7127
-6.0767,-0.26215
-5.5726,-1.1158
-0.62426,8.1162
-0.46712,5.7772
-0.26024,7.2177
-4.4423,0.21858
-6.4813,0.52308
-6.4683,0.76501
3.3743,-4.6807
-5.8439,-1.3112
-0.55478,5.6261
1.0996,5.1637
-3.6587,-0.02444
0.10158,5.5768
-5.4014,-2.492
2.7059,-4.661
1.2654,6.6333
0.70622,6.953
4.4984,-5.3055
-5.4906,-0.53428
-1.2875,6.0836
-0.48115,5.9187
4.2096,-5.6237
0.046719,6.4689
2.7685,-5.6144
-6.4232,0.89085
4.1715,-4.3315
3.759,5.9771
0.034493,7.4752
-6.512,0.090518
-2.5707,-0.68996
4.0046,-4.1944
3.9839,-6.1763
-4.5579,-0.9495
2.2174,5.9563
0.99339,5.3928
2.8672,-5.7682
0.14477,5.9852
2.1943,5.7671
4.1604,-6.2776
2.1952,5.7938
2.4629,5.4169
3.9194,-4.7901
-5.1736,-1.3724
-4.6467,-0.51564
2.8774,-7.3331
4.0595,-7.672
-0.85051,5.2061
-4.5543,-0.55001
-0.076115,6.6572
5.9744,-4.9221
-6.6193,-0.9294
3.8303,6.0329
-3.2911,0.23407
-0.08696,6.1523
1.0175,7.4218
-6.6044,0.34887
3.1394,-4.7919
-6.217,0.79838
1.6573,5.3877
-3.8099,0.38777
0.89223,5.7823
-6.1958,0.6472
1.6802,-5.7778
2.9323,5.7948
-5.2526,-0.72236
2.3706,5.6956
0.71881,6.3345
0.71219,6.9721
3.0335,-3.5826
-0.34113,6.1301
1.6258,5.5572
-0.056259,4.9513
4.2855,-4.8293
3.6877,-5.9763
-6.6576,-1.8534
0.92618,5.8747
-5.5861,-0.93704
-4.6033,-1.409
-5.2379,-0.70185
2.8754,-5.3807
2.7031,-6.6225
0.48241,6.8571
0.47041,6.4477
-5.5127,-1.1471
4.0615,-4.6066
-1.0542,6.4528
-3.8113,-1.8436
3.5782,-4.4353
3.3727,4.836
1.0287,6.9104
-5.7543,0.8838
4.7896,-4.1265
-6.2854,0.07856
5.9302,-6.3899
-5.5267,-0.54653
-5.4537,-1.7516
3.5686,-4.5118
-3.4211,0.686
-5.5944,1.1686
3.6152,-5.9906
2.0661,6.7209
-3.9561,0.51149
-4.0356,0.36105
2.0077,5.8867
0.99392,6.8584
-5.7507,-1.2706
-6.2363,-0.8731
-3.9789,-1.3235
-3.1999,-0.83604
-4.8705,-1.0637
4.8653,-4.9649
4.5099,-5.6779
-7.6104,-0.69262
4.2182,-4.0348
-5.0692,-0.3941
3.3928,-3.8496
3.4456,5.994
2.8238,5.0614
-4.9509,0.28571
3.9804,-5.7472
-5.4882,-0.87324
5.6656,-6.7246
1.847,5.7757
-4.8938,0.16206
-5.4471,0.56685
-4.3063,0.75472
3.5093,-5.7911
2.7714,-7.0368
2.6685,5.4341
4.122,-4.9577
3.4559,-3.7258
-5.8914,1.2366
-5.0441,0.63404
-0.31176,6.3293
4.8775,-4.6185
5.5552,-6.4504
3.4343,4.9456
2.1559,5.8406
1.3292,5.8108
4.6645,-4.3923
3.5172,-5.0327
-5.6768,1.1143
0.43604,5.3762
3.1862,-3.9463
5.1754,-4.3033
2.5933,-6.6008
0.21481,6.2939
0.70515,5.8195
0.28327,6.8147
3.3137,-5.5879
1.7062,5.1385
1.9238,6.6496
0.55854,6.0249
-5.2525,-0.071451
-5.4922,0.45742
5.2776,-5.2051
3.6998,-4.6998
5.0295,-5.5153
4.3352,-4.0328
-5.2738,0.66401
4.6975,5.9723
3.9356,-4.8624
4.7661,-5.1389
1.2228,6.3382
0.18887,5.1794
1.6259,6.4434
-5.3361,-1.1798
-4.7123,1.2194
2.0302,-5.3591
-5.3829,-1.058
4.4893,-5.955
5.3127,-4.3309
-3.4916,-0.47047
4.4348,-6.0301
-4.8578,-0.23572
-1.0614,5.7547
3.494,-3.9296
3.4635,6.9063
-4.8133,-1.2466
3.8662,-5.1175
1.1758,5.8148
-0.79008,6.9923
-4.2258,-0.89812
-0.55355,7.0744
2.9025,-5.601
0.3525,5.9345
2.4174,-5.2132
0.00019831,5.5552
-5.0061,0.45255
-3.4501,0.23315
-3.7017,-1.9183
2.4212,6.5071
2.1962,6.4306
1.4197,6.7854
-0.45378,7.0551
-5.9777,-1.8154
2.5869,-4.459
-5.1488,0.92788
2.0085,-3.4598
4.8386,-6.0694
3.3226,-4.0256
-2.6603,-2.3343
1.2796,6.2185
3.9139,-4.2263
3.6838,-5.6197
4.454,-4.967
1.4867,-4.6595
1.728,4.9575
4.2468,-5.9091
1.4797,6.5348
2.1939,7.706
2.7805,-7.1218
4.0551,-3.7117
4.024,6.0353
-4.7562,0.14024
-1.0374,6.293
-4.4827,0.48041
4.8382,-4.7897
-3.6498,0.12216
3.809,-5.5092
4.869,-3.5564
2.6204,7.252
-4.8156,-0.46283
-0.99861,7.4147
3.227,6.1276
3.0476,-4.4446
3.3696,-5.8029
1.3202,5.5872
5.5188,-2.9221
3.6024,-4.3787
-3.3157,0.23069
-3.7141,-1.1297
3.4486,-4.8002
0.666,5.8225
-4.1295,-1.6003
6.6158,-4.0108
0.66895,5.1875
-3.1497,-0.92123
4.7868,-6.1037
-4.4587,1.8695
-4.3596,-0.74551
1.5014,8.0194
2.4357,-3.4742
4.7892,-5.285
0.067578,6.6416
-5.3859,0.97368
4.2617,-3.8931
-0.1085,5.4335
1.1961,5.305
-5.604,0.01885
-4.6237,-0.55791
1.2949,6.1168
4.1582,-5.0454
0.27472,6.1264
4.584,-7.6308
3.3835,-4.7723
4.541,-5.02
-4.8127,0.38582
4.038,-5.0721
-5.2297,-1.3104
4.1137,-4.3995
1.0272,5.5283
-4.8727,-0.99806
-4.5679,1.2797
3.9749,-3.1983
4.2265,-5.0936
-3.5457,1.9025
3.4952,-6.2447
3.9479,-5.1286
-4.5107,0.094035
-3.1061,-2.1185
4.6423,-5.8946
0.21169,6.3287
1.9207,6.0345
3.5704,-5.3782
3.136,-4.5372
3.6221,-6.4601
-4.9718,-1.6946
0.34357,5.4058
-6.2456,-0.10708
0.29581,5.7141
1.0362,6.5855
1.686,6.0317
1.5701,5.7568
-2.3437,6.0377
-4.3219,-0.40642
5.7703,-5.3883
-5.6922,1.1345
2.7876,6.0054
-5.5864,-0.71067
-3.7598,0.8024
-4.9245,-0.55734
3.5839,-4.6199
3.9641,-4.5967
-3.5318,-0.3288
-0.6111,6.2458
-3.6325,0.63135
-4.6968,0.79881
-5.4124,0.045321
1.9089,6.1086
1.7983,5.9155
-3.967,-0.72892
-0.54528,6.2355
-4.3876,-0.78071
2.4586,5.3312
-4.8435,0.18351
2.3401,4.948
-2.0118,-0.41837
4.2455,-4.3365
-4.3044,0.85348
3.201,-5.1356
2.4379,-4.9498
1.0216,6.1221
-5.8523,-1.7021
0.94288,5.1326
2.7249,-4.9848
3.9328,-5.9188
-5.1977,-0.094039
-0.40931,4.9823
5.0718,-6.3195
0.38416,6.3643
6.2374,-5.7139
-6.8134,-0.36667
-4.467,-0.94144
2.6682,6.3421
2.6831,-4.8762
3.325,-4.4515
-5.6542,-0.45462
-4.0656,1.3376
-5.2253,0.18882
1.8255,5.9381
-0.039815,6.9432
3.3107,-6.8513
-5.1599,0.29649
-1.0304,6.9525
0.76976,6.786
-5.0686,-0.50396
0.56483,5.7693
-4.6448,-0.88568
4.0885,-5.821
-5.8698,1.7862
-5.457,-1.905
4.476,-6.8089
3.7744,-2.6131
2.8965,-3.3932
2.8024,-5.7971
4.3123,-3.7802
-5.8183,-0.86506
-5.4093,0.15413
-4.4743,-2.2964
-1.4365,5.7688
3.1726,-2.6957
-3.4814,-1.2423
-4.1232,0.12833
-6.6379,1.1942
-5.8608,-2.0689
2.4777,5.8338
0.26514,5.1147
-3.8829,0.83794
-3.6965,2.0565
2.5775,-4.4275
-3.224,5.6013
4.1325,-7.288
-4.7273,0.90081
-4.8375,1.0724
1.8428,-6.2022
4.9679,-4.6711
3.7768,-4.1093
0.80173,4.1039
-5.5108,-1.7462
1.4712,7.5613
4.8375,-4.5795
0.18685,5.1999
-0.76703,6.0404
-3.293,-0.33385
2.5418,-4.6851
-5.857,1.4157
4.218,-5.6215
2.5588,5.1628
-5.0845,-0.3328
-3.7639,-1.552
-5.762,-0.037391
-5.2914,-0.27664
4.1109,-6.6002
3.4595,-6.3277
3.5806,-3.6925
2.7836,-4.5003
-4.3399,-0.20159
-2.3721,0.76808
3.2144,-4.0139
-0.43408,5.559
4.377,-6.5802
-5.7043,0.28711
3.7238,-5.0789
-6.511,-1.3378
4.5435,-4.789
0.1119,6.0719
3.9018,-6.2386
5.2228,-5.0775
-4.3401,1.2401
-5.544,0.292
2.0003,5.4597
2.1423,7.0449
2.9858,6.5794
-4.4958,-0.14007
5.1328,-3.4099
-4.5231,-1.0534
1.9148,-4.5807
0.54523,6.9071
2.2796,5.6431
-4.4387,-0.83196
-5.8173,-1.1419
3.2287,-4.5814
3.1217,-3.6126
-0.0039633,6.4334
3.6612,-6.4814
-4.4571,-0.079618
3.6083,-4.4751
-5.8499,0.64551
-0.21099,4.596
-6.6735,-0.87603
-4.5864,2.2608
-5.0796,-0.099784
-4.4097,1.2759
3.3745,-4.9421
2.5753,6.5328
-0.92913,5.4075
-5.3245,-0.59331
4.4808,-4.9849
-4.7263,-1.2068
-6.3833,-0.97529
-4.5759,0.18962
3.4344,-5.1384
0.60826,6.2326
1.6574,-5.1624
-3.7764,-0.080589
-3.9628,0.14159
1.9213,6.218
4.5302,-6.1124
-4.9937,0.10542
4.8233,-5.1746
-4.467,-0.36819
-4.2351,-0.2251
6.6372,-6.5809
5.2256,-5.3297
-4.3241,0.042303
-5.7353,-0.15988
4.3261,-6.7981
4.929,-3.9939
0.66974,5.4733
-3.2614,1.151
0.84235,6.948
0.085749,4.38
-1.6559,5.7024
1.906,5.7476
0.5473,7.3337
-5.4759,-1.917
-5.6159,0.99258
-4.0368,-0.14155
-1.437,5.6602
3.6347,-3.834
1.8152,6.8858
-5.7091,0.47741
3.3261,-3.2892
-6.4151,0.36454
3.3297,-4.7306
3.2539,-4.9059
3.6483,-4.1424
-0.17635,6.2045
-5.034,0.81723
0.06638,5.9326
3.5634,-6.5864
-3.0794,-0.47223
1.0819,5.4359
0.17459,6.8394
-4.8093,-0.73396
3.4968,-5.6335
-5.3647,0.70402
2.287,-3.5627
-5.4193,1.3999
0.36201,6.3974
4.8663,-5.5084
-0.37294,6.6414
-4.5417,-0.088601
-4.59,0.99599
1.1553,6.1395
3.66,-5.9162
-4.2836,0.051747
5.008,-3.9111
3.6981,5.1776
-6.6199,0.57903
-4.4262,0.71575
-6.9084,-0.71792
-1.0057,6.8375
-0.82908,5.3681
2.6286,-6.0546
4.2557,5.6972
3.4442,7.2802
2.5541,-3.561
1.825,5.0784
2.1126,-5.0704
3.3966,-4.0281
4.4613,-5.3085
3.6605,-5.5748
1.3974,6.1816
-6.5362,-1.0411
-4.0575,0.54652
-6.3097,-1.4064
-4.6295,0.24785
2.0571,5.5934
3.3702,-5.6577
1.1179,-6.4881
-0.32367,6.9859
4.7302,-4.6991
4.7068,-5.3542
-4.9868,2.076
3.0557,5.4546
-4.6858,0.50786
3.0633,-3.2797
3.388,-4.2969
3.5341,7.0733
-4.7547,-1.451
-5.6867,0.49392
-4.9028,-2.4879
-5.9019,-0.80655
-3.1313,0.27621
0.65871,5.9315
-6.1707,-0.99275
-5.651,0.96014
-0.96239,5.1629
4.3521,-4.5047
-6.9293,-1.4371
-5.7764,0.31502
-4.678,-0.27481
6.515,5.1743
6.0456,-4.2612
0.68663,5.4721
-3.9938,-0.82157
-5.8368,2.0687
-4.8586,-0.60609
0.91981,6.1979
2.8946,6.7958
1.6901,-5.8006
2.4681,6.6972
0.77023,6.1317
4.6339,-6.0083
-0.66423,6.1368
-3.2195,-0.46829
0.1549,5.5584
-5.4133,1.4482
-5.2697,0.53227
5.0947,-4.5498
-0.050578,5.7359
3.858,-4.1268
-0.89527,7.3316
-4.1341,0.34063
1.8942,5.8221
3.7381,-5.4591
2.1565,6.3219
3.3274,-4.4737
1.6124,-6.4613
-0.4521,6.2462
2.1504,5.1716
-5.2978,0.1866
-5.7412,0.01252
-0.11233,6.1752
-5.0792,-1.1258
0.053395,6.075
0.48753,5.4756
4.2346,-4.7113
-3.8765,-0.39633
-0.55836,6.5935
-5.941,-0.17577
-6.022,1.6297
3.1157,-4.8756
4.1631,-4.7226
-5.7107,-0.33402
-0.7471,5.8938
-0.21525,5.6842
1.7037,5.9688
-0.10822,6.5333
-6.9529,-0.45266
2.3782,5.6597
1.6042,7.0255
3.6211,-4.9944
0.079492,5.5567
2.9927,-5.0101
-0.19756,5.9749
0.29818,4.9927
3.1501,-4.7742
1.7214,5.8975
-6.1398,0.35412
3.0076,-6.0266
-4.6371,-0.93135
2.0039,-6.607
-4.6545,-0.53669
5.6604,-4.7216
-6.2201,0.019744
4.6583,-5.3607
1.0775,7.1579
-4.3836,0.34634
-5.4204,9.3119e-05
-3.1566,-0.91173
3.7967,-4.4116
0.60613,6.6767
1.2682,6.634
3.9813,-4.8898
-5.7347,0.23684
3.3413,-4.0427
1.2353,6.3126
3.7203,-4.2565
2.4958,-4.7988
-0.67993,6.0718
-0.26593,7.0622
1.7349,6.229
-2.7168,-1.2703
-4.9738,-0.81041
-3.5493,-1.2363
-3.4883,1.1532
2.9226,-4.6324
4.6612,-2.7625
4.1279,-7.0254
0.78876,6.3845
-1.0392,5.6365
-5.035,-0.34844
0.69204,5.6206
3.6218,-4.4918
-4.7677,-1.5771
5.141,-3.6289
-0.72798,5.6873
4.7453,-6.3364
-4.4507,-0.49849
-4.9836,0.60143
0.61701,5.835
4.3533,-5.7303
1.6899,6.1177
-1.0202,5.0686
3.159,-5.5766
5.5701,-4.902
-5.3041,0.97018
-4.5563,-1.6127
2.6168,5.8882
-4.7839,-0.41803
2.6543,6.0693
1.0966,5.5885
0.12976,5.9819
2.0092,-4.2602
0.4327,6.2396
-5.8673,-0.88765
-0.31517,5.5531
2.012,6.0635
0.18587,6.1322
-3.148,1.5419
1.809,7.0574
-1.4863,5.8678
-4.8399,0.017232
-3.2576,0.16136
-6.2411,0.0032346
-5.7847,0.6579
2.7773,-4.5604
-5.894,-0.29965
3.1592,-4.6839
2.5482,5.065
1.8904,6.4575
4.5119,-5.0838
0.76014,4.9668
-5.2346,1.136
1.0494,5.3177
1.1606,6.3395
2.0878,7.1538
3.4553,6.2308
-6.7536,-0.42088
-6.0127,-0.69408
1.5595,5.8801
4.2358,-6.8046
-4.2394,0.3631
-5.6211,-0.35657
4.696,-4.7272
-0.87933,5.8665
4.0951,-6.0612
4.4841,-5.4616
-4.5471,2.5474
-0.9717,6.9217
3.8037,-4.0028
-5.6576,0.23661
-6.4863,-2.7938
0.5503,6.9705
0.65424,6.314
3.6152,-3.8299
1.5228,-6.5256
-6.1143,0.96537
1.4002,5.2652
1.2875,7.8246
0.30628,5.929
4.5924,-4.2844
-4.8489,0.099254
3.3857,6.7444
2.8382,-6.882
1.5695,7.0637
-3.3575,0.96655
1.9165,6.2056
1.3413,7.005
0.013095,6.6243
-5.6358,1.774
1.1851,6.5678
-4.0103,-0.3133
0.42745,5.2529
4.0519,-5.5647
-5.9045,0.82104
2.0982,6.6004
-0.010337,6.5849
3.3885,6.7167
2.2583,-5.8601
4.2163,-4.6156
-6.6997,2.3146
-7.7396,-2.0539
-3.8123,-0.64719
-5.6482,0.57129
-5.6483,0.021555
3.2378,-5.2304
-5.591,1.4903
-4.1023,-0.67497
2.8875,-5.7916
-4.894,-0.85891
4.8525,-5.115
-4.4215,0.51919
3.0684,-4.5429
3.4188,-4.305
2.403,6.4605
-1.2289,6.3185
-0.6175,4.9678
-5.3075,-0.25667
-1.7432,7.4612
-4.4017,0.45245
-1.5778,7.2212
5.3611,-3.8022
0.17377,5.9804
-6.1153,-0.6105
0.21241,7.2732
2.75,7.3328
2.2716,-4.605
2.6956,5.1536
-2.1149,6.4562
-5.0732,1.8958
4.9298,-5.8106
-6.1032,1.5952
-6.2475,0.77479
3.9461,-5.2276
1.0343,6.1185
3.845,-4.6701
-0.074243,5.1549
3.9512,-6.5848
-4.558,-0.67987
3.4094,-4.9494
2.8863,-4.2188
4.1649,-4.5778
-0.53304,5.1615
4.3573,-3.7438
2.3296,4.7936
0.42698,4.701
4.7319,-4.8827
2.943,-4.9325
-5.0208,-0.38437
2.3721,7.0818
-0.045927,7.0783
-1.0694,4.2516
-4.7161,-0.02093
2.9207,-3.2317
3.0814,-3.8109
-4.7343,-0.46659
-4.6794,0.16929
0.50197,6.4446
4.6809,-4.8026
-4.2076,-0.67308
4.8031,-4.9097
2.641,-6.4229
-3.5603,1.2477
3.497,-4.9306
-0.61267,6.3463
3.0556,-5.0928
0.50242,6.3695
-0.091855,6.5956
3.095,-3.5323
-5.1774,0.2402
2.8667,-3.6102
-6.5493,-1.1063
1.3275,-5.3613
5.7813,-5.5182
3.1626,-4.8406
1.4587,6.7421
-5.4245,0.21828
4.2336,-3.6986
3.6559,-5.243
-4.0866,-1.3666
-4.033,1.0669
1.4425,5.2707
-4.474,-0.67195
-0.06614,6.7661
-4.6629,0.1277
0.94067,6.6701
-4.4895,0.70186
-4.4408,-0.75942
-5.6377,1.7638
5.7493,-5.5556
-4.8689,-0.73878
2.0233,6.3637
4.4475,-5.7123
-1.1286,7.2732
-4.7886,-1.7358
-4.8171,0.50689
4.2102,-5.3871
-2.8547,5.0499
5.2163,-4.9181
-3.5021,-0.49995
3.8687,-5.444
4.6128,-5.0813
-6.8654,1.4966
-1.2317,6.0686
3.6019,-4.9278
-4.5427,0.28592
5.6203,-4.7048
-5.0018,-1.1224
-4.3936,0.0099132
4.1279,-3.4559
4.1103,-3.3232
-4.3241,-0.80541
4.6072,-6.0169
6.6959,-4.2842
5.3531,-5.3893
-0.44341,6.2316
1.1852,6.4418
1.3345,4.7705
2.7903,4.609
3.4387,-7.1037
2.7379,-5.9491
-4.6835,1.3542
-5.6582,0.43286
4.4857,-4.2363
-4.5355,0.47135
-0.29513,6.269
2.3525,6.296
-6.454,-0.29304
6.8042,-4.2738
4.0872,-4.4218
-3.9228,-0.16257
-0.32349,6.0968
-4.8747,-1.2186
5.3704,-4.051
-6.2184,-0.20787
-5.8923,0.17844
5.8038,-4.5157
3.0762,-5.5182
-2.5442,5.7327
-0.5586,6.4005
-1.2392,5.4836
-6.8836,0.7426
4.8648,-3.608
-4.1555,-0.028442
-3.719,0.30736
3.8881,-5.9344
-5.3876,-1.4435
3.9286,-5.6672
4.992,-4.83
2.5845,-3.6094
3.202,-5.5511
4.8392,-5.187
-1.595,6.9899
-5.7175,0.4633
-4.9581,0.11529
2.8953,-4.1644
2.0857,4.5728
2.7934,6.7633
3.7099,-7.4529
4.0462,-4.1312
-5.1252,-0.57182
4.44,-4.3421
3.3413,-5.7426
0.38207,5.8778
2.7156,-3.3184
-5.5243,0.45723
3.2608,6.9165
-5.8231,0.62144
0.73657,5.8513
-4.5847,0.0084599
-4.8915,2.0895
-2.2526,7.0612
1.172,6.5822
1.3326,6.4854
1.5882,6.4986
4.0938,7.1627
-3.6204,-0.056234
3.1433,-6.1923
3.1127,-3.7083
-1.1995,6.7371
-5.8985,-0.4288
-1.0159,6.6572
-0.56871,5.7744
-0.77316,4.9287
-5.9319,1.7403
-1.0541,6.117
-5.8866,2.7382
0.67885,6.565
-4.8892,0.45907
2.8023,-4.668
4.848,-5.6178
-5.8389,-0.54809
-5.2767,1.3405
-6.7705,-0.84464
-5.4746,1.4809
4.1772,-4.5567
-5.7838,-0.35022
0.9985,6.3539
1.8113,-5.8108
3.3557,-5.0862
1.2385,6.0936
-5.8751,-0.87976
-5.0276,0.56353
-4.4613,0.83136
4.0259,-3.2656
4.5384,-4.3783
-4.492,0.28767
-6.5691,-0.52264
-5.7644,-0.88475
3.9583,-4.847
3.4048,-2.8011
2.9893,7.0716
-4.0743,0.35883
4.5322,-4.3151
4.6525,-3.0756
1.4622,-5.0056
0.10995,6.7075
4.7451,-4.7344
-4.1164,-0.87683
-4.972,0.52131
1.4899,5.5148
2.8262,-7.1375
2.5528,6.3138
-0.20786,6.2042
-5.484,0.60943
2.0301,6.6296
0.95948,5.1722
2.9186,-2.869
0.0013464,6.7693
-4.2744,1.2046
3.3488,-4.8246
1.8289,5.7795
4.4884,-5.8247
-4.8952,-0.1957
3.8194,-5.166
-3.8866,0.48595
4.3913,-6.3313
-0.38219,6.059
1.3314,6.4913
-4.7333,-0.99257
-5.1212,0.78709
4.8589,-2.8903
4.8478,-5.7061
-0.0052894,5.4481
5.1882,6.0417
1.2695,5.8552
2.0843,5.4155
-5.2064,2.0747
4.588,-4.7045
-4.6971,-1.2949
2.7099,-6.9357
-5.28,1.3951
-5.8331,-2.6493
-6.311,0.25279
-3.1218,-1.6553
3.8301,-5.4577
-6.8939,-0.67361
-4.8982,0.54914
-0.15777,5.9115
4.1648,-6.1877
4.4487,-5.3857
4.4035,-5.3255
-2.1421,5.5657
5.2291,-4.5163
1.8003,5.8049
2.6698,-4.4333
0.58526,6.9461
4.644,-3.6268
3.2015,-4.2355
-5.6519,0.96498
-5.3155,-1.6592
4.8801,-3.5509
4.1024,-6.4079
4.3059,-4.0449
-5.3395,-1.3543
-5.7217,-0.46537
4.5547,6.4069
-5.7981,-0.87476
-5.054,-0.88789
4.4081,-5.6427
5.9165,-4.5296
4.5399,-5.4994
3.1292,-3.9191
-6.2438,0.71206
1.1836,5.4249
-1.9303,6.1346
-6.2001,-1.2213
1.5615,-4.4642
-6.6505,-0.5249
0.136,6.4489
-5.6608,-1.9904
2.7244,4.4583
0.65098,7.8383
-4.6691,-0.99881
0.28994,5.7355
-1.0541,5.7248
3.8504,-6.1624
-4.4599,0.64768
3.6213,-5.8507
2.7588,5.4457
2.9469,4.9894
0.9085,5.3041
1.0657,4.9554
0.015809,5.8373
-5.4702,0.60219
-6.346,-0.41872
-0.90479,6.2463
1.9842,6.0903
-4.2942,1.1438
5.612,-3.8492
-5.2821,0.41836
-5.6135,-0.37706
1.0926,5.9077
-4.8436,-0.94601
-5.1142,-0.067887
4.0987,-5.4369
-3.7424,-0.78053
-1.6604,5.6175
-4.3087,-0.42019
0.4687,6.4264
-0.2712,4.935
3.4173,-4.0805
2.2943,4.9047
-5.2874,0.4592
4.3981,-4.0535
-4.5467,0.10158
4.2785,5.3813
-4.5494,0.48402
4.3202,-5.3818
-4.4552,-1.5805
-4.7143,0.62372
0.7126,4.9368
5.3651,-4.7972
2.066,6.202
4.1485,-3.7533
-5.7821,0.76908
-6.238,-1.4336
-7.6184,-0.35178
3.6981,-3.5874
3.4408,-5.8517
-3.5206,0.12774
3.8823,-4.9684
0.16161,5.4659
-5.5559,1.425
0.11101,6.3282
-4.7949,1.109
-5.3075,-1.7788
3.0313,-5.5454
3.1875,-5.42
4.1606,6.1425
-3.9533,0.43083
1.7102,5.3588
4.5894,-5.1771
-5.7572,-0.13488
1.7338,5.7713
0.44392,6.2643
4.8585,-2.9556
-4.9086,0.13968
-0.23238,5.5237
1.5155,-4.8632
-6.9285,-0.35203
0.98134,5.4654
4.1752,-4.4314
4.1287,-5.7479
2.5653,-5.4767
5.5724,-5.4614
6.0169,-4.0067
-3.0379,1.1752
5.9211,-4.5409
0.76221,6.615
-2.7659,1.8571
-4.835,1.3272
1.6191,6.7929
2.6548,5.7963
5.2015,-4.5812
-5.143,1.5456
3.8311,-5.5946
5.0693,-5.772
-2.9667,-1.5667
-5.1408,-1.3813
4.8636,-6.9072
1.4045,-5.4802
0.86401,6.6737
-5.8499,0.17229
3.386,5.1599
2.1726,-3.8388
-5.5063,1.0382
-3.9619,-1.8433
3.6252,-6.061
-3.1426,-1.8059
3.9378,-4.148
3.7554,-4.9154
2.7642,-7.3898
-1.3983,5.7725
2.4453,5.3467
-4.2197,-0.81442
-5.4272,0.373
5.2635,-3.8923
1.5551,6.5802
0.47946,5.7282
-4.8295,-0.2248
-4.6157,0.45488
-5.9152,0.61764
-0.48234,6.6832
3.8442,-4.7657
2.1458,5.5376
3.8216,-4.8637
3.1665,-4.5935
1.1782,5.576
2.7145,5.7856
-4.1123,-1.6777
-1.9846,7.1746
3.1357,6.7124
5.4749,-4.0368
4.4307,-6.6784
4.1171,6.6451
1.9078,-4.8801
-4.0844,0.54332
3.2278,6.7216
4.3562,-7.4082
-4.9966,-0.66389
3.6759,-4.257
-6.3128,0.40177
-4.423,1.7345
2.8942,-5.4304
4.14,5.4334
4.772,-5.5977
2.4774,-5.7115
3.2259,-6.3364
4.1468,-4.1303
4.3216,-5.7235
2.2684,6.5935
-5.7873,0.77139
4.4207,-3.992
2.1262,4.1266
-5.3214,-0.557
1.0152,5.5916
0.79131,6.1368
4.4595,-6.3909
-0.14955,5.9823
4.7313,-4.8896
2.0498,-4.126
-5.1728,0.239
-7.2461,-1.2064
4.3049,-5.4305
-5.8633,-0.32024
-5.0166,0.27265
5.8193,-4.199
3.3753,-4.5189
-4.6963,1.5001
1.8754,7.0435
-3.3757,-0.35023
-6.5401,0.24037
0.63541,5.2341
-5.0847,0.59491
-1.694,7.5048
3.0177,6.0755
0.59056,5.4881
3.0455,-4.9022
-5.0207,2.0711
3.4436,-4.7642
-4.0179,0.047008
3.5322,-4.7479
-5.2634,0.50973
2.327,-4.6514
2.9426,-4.7128
2.8304,-3.808
3.7395,-5.488
3.4314,-4.563
5.0949,-3.357
-6.3125,-1.059
0.15458,5.6504
3.9152,-4.2519
2.237,-4.5943
0.86809,6.6593
-4.8186,1.7691
0.40707,6.0261
0.61653,5.4083
0.25387,5.311
3.3663,-3.1494
4.3299,-3.5045
2.6764,-5.7462
-6.5717,-1.0463
1.9245,5.2464
-7.1942,-1.2548
-5.6689,-0.77828
-3.6938,-0.11951
3.0889,-6.3597
4.4348,-5.5392
-7.2667,-0.61853
2.1835,6.2032
4.631,-2.882
3.2883,-5.4257
-6.2743,0.32746
1.566,6.7435
3.2101,7.1391
4.8662,-5.0086
2.8392,-4.6125
3.8917,-4.3773
3.5071,-6.686
-4.343,-0.94338
-6.7727,1.0201
1.5927,-6.4914
-6.3112,-0.72022
-0.36877,5.5689
-5.1383,-1.1391
-4.8253,0.31276
-6.283,1.1041
4.2306,-5.2233
1.8051,7.5411
2.2803,6.9333
1.9238,6.9518
-6.1269,-0.15012
0.63836,7.0003
0.5984,5.2585
-2.482,6.1724
2.4794,6.867
0.32718,7.0144
3.7063,-5.1564
3.7433,-5.1817
-4.3357,-0.49137
4.4184,-6.1216
-3.6676,1.7524
2.1622,4.6662
3.0322,-6.1379
-4.0769,-0.37106
-4.5535,-0.46106
-5.0091,0.45466
-5.9506,-0.4789
-5.0772,0.71541
-3.6983,0.91371
4.3245,-6.8618
-5.1998,0.39338
-5.1899,0.43347
6.0632,-5.8543
4.4605,-5.0771
2.5973,5.5246
0.11253,5.8188
3.0765,-4.1258
1.7544,6.15
3.8158,-5.5143
-1.145,5.5081
5.0219,-5.9931
-5.7482,-0.21767
4.1488,-5.1726
-5.8351,1.8115
2.5027,5.8547
-6.8173,0.66251
1.1329,6.7256
-0.99237,7.3898
3.6406,-5.7035
-3.8644,0.97966
-4.474,-0.68385
4.3054,-4.9177
-5.3001,-0.62372
-4.3227,1.5745
-5.2544,-1.3624
3.5867,-3.964
-5.3756,-1.0493
-4.3363,-0.645
4.4513,-5.2353
-6.3108,-0.89023
-4.8101,0.56815
0.29805,6.6955
-4.9898,0.25776
2.8077,-3.9291
1.4448,6.1534
-6.1342,-1.3892
-4.6278,1.6591
0.13145,6.0234
3.7464,-4.9832
1.6836,6.4739
-4.6842,0.38012
4.5751,-5.7851
-4.8486,0.75849
5.1197,-4.3272
-5.5123,-0.65126
3.5304,7.1253
3.0148,-4.136
-4.9181,-0.35012
-5.2912,0.99472
0.67884,5.048
2.9724,-6.0836
4.9532,-4.631
-5.062,-0.14218
-1.5081,5.7443
-6.2097,0.1319
-5.2446,-0.58035
1.9184,6.0288
4.808,-4.3199
-4.2608,-0.27339
3.3071,-2.4493
0.33853,6.7294
4.0041,-5.7408
0.33221,4.8484
4.07,-5.8396
3.6464,5.6723
3.2722,5.9338
-5.4283,0.16957
2.1706,5.2372
1.7892,-5.8916
-0.13884,5.6873
0.93529,6.5072
3.2477,-5.2234
1.5908,6.5691
-5.6638,-0.86833
-5.5722,-0.23541
-0.69696,6.7517
-4.4967,-0.047556
-2.6666,6.159
3.9572,6.1378
1.3375,5.4893
3.3172,-5.9593
4.5548,-3.515
5.4329,-4.2435
-2.2437,6.1308
5.5217,-4.5045
0.39579,5.4016
3.7482,-6.9326
-3.6232,-1.2733
4.0318,-6.0376
-6.1212,-0.75651
0.8502,5.3208
3.7707,-5.2201
-5.6396,0.85364
3.237,6.5519
2.8606,-3.5205
0.67122,6.4292
-4.9002,-1.194
2.2069,-2.3618
-6.0016,-0.13471
-4.558,-1.6169
3.6353,-4.424
3.5903,-5.3849
-0.68022,4.6223
1.1203,4.9994
1.214,6.3691
-3.6523,0.72944
-5.9425,0.0035172
-4.4767,0.87487
-0.24183,5.5123
4.8397,-5.0545
3.0883,-6.1373
0.75456,6.905
0.047645,6.2156
5.3121,-3.7908
-0.19084,6.9964
4.0072,-5.7375
-5.0171,-0.22448
2.7214,6.8287
-0.37641,5.8817
1.2636,6.3059
2.7494,5.3442
0.74929,5.9299
1.5867,6.114
-3.6301,0.50081
0.80902,5.9809
-5.7445,-1.1556
-5.6371,1.3109
-3.5789,-2.032
4.1406,-4.6099
1.1825,5.8433
4.0484,-5.4783
-5.0482,0.17829
2.6857,-4.8095
-3.4528,-0.45207
2.9475,5.9437
4.5227,-4.3021
1.3858,6.3321
5.1256,-4.6653
1.4909,5.6923
-4.4537,0.42933
2.0294,6.0978
1.7027,-3.9472
4.947,-5.2283
2.6891,-5.7357
3.3007,-5.7932
-4.9656,-0.90531
4.745,5.4553
4.1221,-4.566
4.8433,-6.3865
1.4636,6.8118
-0.021407,5.0633
-4.4539,1.9827
0.80326,5.8947
-3.3098,0.29879
-0.37915,5.5474
-6.6016,-1.292
-5.4086,1.1958
-0.15042,5.5242
-5.5323,0.37153
-4.0674,0.030882
1.9623,6.4947
-1.1525,6.8645
1.7227,5.8284
-5.5695,-0.77129
-0.92916,7.1541
-4.9656,1.4886
-0.2857,6.138
3.9061,-6.0767
2.6469,5.4038
3.8439,-5.7393
-0.69076,7.0045
-5.2311,-0.75314
0.42983,6.7096
-4.379,-1.104
-7.2913,1.5368
-5.531,0.093692
4.1769,-5.2943
2.4431,7.0365
-4.2066,-1.6155
4.9713,-5.0408
2.1564,4.7077
3.6056,5.7904
3.5623,-5.1424
4.1068,-4.8378
-5.7663,-1.2625
-6.2373,-0.21496
1.7064,6.7042
3.4843,6.1228
3.8076,-4.2165
-3.0351,0.38506
0.56247,5.3518
3.2416,-5.5005
2.8004,-6.9761
2.5062,-2.6927
-6.4612,-2.3524
-0.21834,6.5386
3.9945,-6.5377
0.59431,7.1397
4.2031,-4.7702
-5.8126,0.38434
-3.2098,0.71612
0.18416,5.8593
-4.1487,0.20274
-4.0274,-0.67058
3.824,-5.4876
-1.2155,5.8086
-4.3537,0.57609
3.9495,-4.1805
1.0547,5.892
3.0785,-2.8857
2.3078,6.9519
4.2603,-5.8469
2.0422,5.1905
-3.5692,0.081566
2.0953,6.4233
2.1666,5.9703
-6.2862,-1.2459
1.5248,5.5797
3.5157,-4.8869
4.5694,-3.844
-5.8858,1.8668
3.1628,5.6864
-5.9918,-1.6422
-6.5313,-0.64628
4.0562,-4.7838
2.8672,-5.273
4.6489,-4.8745
-3.1084,-0.2692
3.4816,-4.3889
-6.7097,-0.22125
-5.1949,1.7701
1.8328,6.7921
1.6807,6.926
2.8007,6.5714
-5.4672,0.65109
2.3009,5.1999
2.67,-5.0725
3.6492,-3.6473
-0.42141,5.0999
1.37,7.4022
3.9814,-6.7635
3.5966,5.7494
4.4379,-4.9989
3.5408,6.4916
-5.2601,0.71335
-6.1746,-0.09032
-0.86267,4.9965
-0.1737,5.8282
4.9733,-6.4063
-0.1633,6.4623
-4.7215,-1.8113
4.8699,-5.8582
3.073,-4.7833
4.845,-4.6004
-5.1465,-0.13057
-5.2425,-0.9356
-5.8344,-0.58388
1.19,6.6397
-3.1149,1.0832
3.6268,-2.8483
-5.119,1.7473
3.9262,-5.7268
3.889,4.4106
3.54,-5.5636
4.8032,-4.5111
2.464,5.8306
0.31744,5.9198
-0.78396,7.3356
-3.9909,-1.4985
3.5502,-3.2647
5.6608,-5.8464
3.8321,-5.4357
6.1019,-3.9232
4.5282,-5.5429
-5.4274,-0.52918
-4.3059,-1.8086
-0.42286,5.4988
4.4063,-4.6988
4.2882,-5.355
4.0008,-5.3131
3.0066,5.4683
1.8267,6.0663
-5.1555,0.48175
1.5496,6.1483
4.9297,-5.9191
2.3747,-7.249
-5.8673,0.32658
-5.9921,-1.6306
-4.9499,0.9038
2.9318,-4.2779
3.5982,-4.0492
-1.0851,5.6678
1.462,6.4193
-5.7571,0.12753
-4.5836,1.1615
4.3597,-4.3199
4.0567,6.4957
0.57969,5.7284
4.2217,6.4985
3.4213,-5.1177
-3.7424,-0.4318
2.6299,-6.3284
3.047,-6.979
3.5347,-3.3988
-4.1679,0.40639
3.9662,-4.5492
1.4634,5.5969
1.3686,5.6375
1.9995,6.0824
3.8244,-4.4697
4.3021,-4.8686
5.2959,-5.0892
-5.952,-2.4616
1.1943,5.1074
3.111,6.5634
1.2554,6.1275
2.149,4.9157
4.4575,-4.5084
-3.5455,-0.31698
-4.1594,0.18432
0.93531,6.4417
-5.7796,-0.92765
3.5672,-4.3386
-5.5976,0.43179
-1.309,6.5884
1.2751,4.6333
2.0217,5.4492
0.85338,5.4459
3.5444,-5.224
-6.1592,-0.034541
4.4235,-5.9374
-5.4576,-1.074
-4.2661,0.9208
4.2752,-5.6993
4.9097,-5.7494
-4.198,-0.95069
3.9998,-6.2215
3.0109,6.5426
0.11743,6.2484
2.4318,5.6726
-0.090938,5.539
-6.2201,1.0983
4.4819,-5.2858
2.6886,-3.9368
-0.21031,7.5514
2.8579,-5.2539
3.599,-4.8097
1.7683,6.933
-4.6168,-0.32548
3.0953,-4.8907
-0.74227,5.14
-5.2549,-0.18048
-6.2149,1.2877
2.7991,4.8616
3.2599,-4.8158
-5.3732,-0.021067
5.3969,-5.2825
-4.8634,0.64566
-5.9842,-0.57351
-4.8095,-0.11391
1.8362,4.5514
-5.9617,0.27035
-0.72866,5.474
0.8655,4.0822
-6.7559,0.37849
1.3332,6.7694
-4.6415,-2.6004
-0.25215,5.9226
-0.31066,5.5252
-5.7408,0.01398
-5.4368,0.41085
3.701,-5.059
3.9496,-3.7074
-4.6015,0.36506
5.0788,-3.8349
4.823,-2.5997
-4.7658,-0.77286
1.5798,5.825
0.1464,7.4969
-2.078,-0.75046
-4.3308,0.78828
-6.5329,-0.14399
0.34098,6.0926
-4.051,-2.3342
1.8808,7.0832
0.83727,7.0298
-0.45312,4.8981
-2.0109,6.0801
-6.455,0.25125
2.0112,5.582
3.9102,-7.0704
-6.2945,0.12911
-3.6131,-0.30144
-4.2157,1.2906
2.8137,-4.7883
-4.9893,-1.7145
4.8285,-5.9079
-5.0439,0.72046
-5.7799,0.0061924
2.0494,6.4857
4.4594,-6.3666
4.9877,-5.5934
0.0030645,4.1967
3.6764,-6.1165
-5.5669,-0.28873
-5.6301,-0.46949
0.29409,7.4484
-6.1835,0.18072
1.3744,6.198
2.1943,-6.6431
0.54031,7.7117
4.0432,-5.9154
-0.19036,5.8206
-5.8326,-0.0097259
3.0763,5.0615
-5.0357,0.41623
4.7712,-4.3054
-7.1166,-0.41373
-6.8366,0.68271
3.2616,-4.1531
-0.36325,6.3573
5.0031,-5.7642
3.6263,-7.4024
0.64426,4.7124
3.936,-4.8197
4.4457,-5.2284
4.3282,-4.8757
2.4735,6.8263
-6.6949,1.9345
2.061,-4.9001
-5.1243,-2.4776
1.0775,5.7975
-4.2305,-0.18285
3.7694,-5.0567
5.8935,-6.3127
-3.4858,0.7818
-4.9138,-1.8782
3.8257,-6.188
1.8995,-4.7512
1.6438,5.6588
2.7943,-6.6885
0.88619,5.256
5.9253,-3.6656
-4.9319,0.26755
4.5606,-5.3458
-0.99232,7.0878
4.1662,-4.2311
2.8728,6.9456
3.5498,6.9744
2.3782,5.1631
3.3291,-5.1429
-5.7622,0.54936
4.3797,-7.2153
-5.4837,0.36048
-5.7964,0.5974
3.4299,7.0465
-3.8367,0.07062
-7.1126,0.78329
2.9146,-4.361
0.30607,6.7871
-0.4365,6.614
1.7231,4.795
4.5553,-5.0391
1.0653,5.3278
-5.887,-0.13353
2.3943,-3.6709
4.3661,-4.5894
0.60135,6.575
-4.5184,0.89505
2.8966,-4.0821
-6.1783,-1.0351
1.6452,-5.4945
-5.4277,-1.0385
0.091966,4.4741
-0.030369,5.2868
-3.9067,-0.008547
-5.7598,-0.041286
3.7598,6.6242
2.4472,7.1953
-4.2204,-1.6876
1.3232,5.6324
4.605,-3.8751
1.3598,5.8052
-5.2327,1.0969
2.5169,-4.5703
4.9683,-4.4101
1.5503,6.1166
0.98094,6.0846
2.9568,-5.982
4.7071,-4.9582
-3.7382,-0.73135
3.2316,-4.5315
5.0704,-5.4867
2.1323,6.1092
-3.5753,1.1129
-0.74968,6.1028
-4.2162,0.31538
-4.463,0.69837
1.9626,6.8139
-4.6979,-1.4465
1.7432,5.2489
3.6036,-4.8339
-5.1272,-0.17136
-6.3178,0.52022
-4.7277,0.26218
6.1075,-5.5863
-5.2507,-0.19823
4.6542,-5.5412
3.893,-5.8305
5.8251,-6.0214
1.6233,5.9415
0.57694,4.6483
4.2906,-5.6343
3.3225,6.5866
2.8546,5.1337
-6.6388,0.8427
-6.0494,0.12322
-7.0959,1.8038
4.3901,-5.1573
-5.2184,1.1567
-0.75747,5.1202
2.8432,-3.8265
-4.3355,1.2017
4.6683,-5.2644
1.0745,5.0052
-5.1966,-0.043847
-1.9207,1.3879
0.13453,5.8294
4.1235,-4.8973
1.3318,5.5367
-4.7481,2.1235
2.1273,-5.4638
-4.2286,2.069
-4.373,-0.013877
3.3254,-6.3241
-4.3025,-0.13519
-5.0876,-0.12707
-3.9276,0.085275
4.3669,-6.2693
4.0033,-7.9174
3.8589,-5.1739
3.0469,-4.6061
-4.1009,-0.59996
-4.8067,-1.0061
4.0637,-5.5455
5.2478,-5.5805
-5.6665,-1.4817
2.4186,6.2038
-4.9323,0.14446
5.6405,-4.6793
4.2901,-5.0502
-5.5383,1.3009
3.2924,-3.7637
0.72484,6.1871
-5.2477,-1.2359
4.621,-4.297
3.3119,-4.1881
-4.3658,-0.46442
4.0975,-5.4721
1.9896,5.6807
-5.5716,-0.17112
1.4122,7.0063
-5.6686,-0.19832
-5.4391,-0.6098
-0.23027,5.1927
4.8011,-5.5849
-5.38,-0.27336
-4.4744,-0.30061
-5.2866,-1.184
-3.1685,0.40034
-3.6445,-0.034802
-3.513,-0.7036
-5.6151,-1.0305
4.8252,-4.0992
-6.5949,-0.74019
3.4241,5.359
4.4663,-4.1687
3.8239,-5.7173
2.8146,5.8765
-5.5882,-0.44571
3.7602,-5.5138
2.4098,-5.5047
1.3508,4.9292
-4.4054,-1.0452
-5.2722,-1.5728
4.4307,-6.436
5.1147,-5.1071
0.74793,6.8203
4.1473,-4.1887
5.0092,-5.2824
4.8937,-5.5126
0.43848,5.0669
-5.6118,0.064104
3.5361,-5.3617
5.0007,-5.2333
4.2418,-4.5563
0.2601,6.1259
4.4119,-5.2184
-4.2681,-0.52818
4.6512,-6.4825
-1.417,5.7989
4.3777,-5.9647
-7.0651,2.3144
3.4577,-4.708
0.68993,4.6172
-5.4441,0.43694
1.1002,6.347
5.5375,-4.3329
-4.6333,0.30894
5.4618,-6.2444
0.7823,5.8639
4.2308,-5.1009
-3.2767,2.7264
-4.7313,0.011904
-4.0927,-0.85926
3.0965,-4.5707
5.1835,-5.4015
-5.8987,-0.0073688
-4.7123,-0.22691
-5.7925,-1.1067
-4.0614,1.1418
2.7629,6.431
2.958,6.0549
-5.1633,0.4036
4.737,-5.9544
3.2861,-3.8208
0.32027,6.4404
2.7367,6.5902
-4.4793,-0.53224
6.8806,-6.9921
2.2349,-4.7973
5.3076,-4.7336
-6.286,1.7789
-0.10761,7.5152
2.4443,5.3232
4.4111,-5.6999
-0.19582,7.7596
0.13687,5.6629
0.017509,6.0126
-0.36971,5.7732
-4.4106,0.30399
2.7765,5.4646
0.89254,5.7411
-4.8258,0.079668
1.5714,6.214
4.3482,-4.8179
-4.4875,-0.23514
4.0773,-6.002
4.013,-4.9055
-6.1492,1.2105
2.8171,6.2302
4.5639,-3.8709
2.4076,5.8945
-1.0183,5.2437
2.0048,6.2977
-4.4749,0.40459
4.8641,-5.7715
-1.6408,6.5318
5.7485,-4.945
4.2913,-3.9234
1.8214,4.5505
3.9676,-4.3427
2.6116,5.2156
-4.5202,0.53939
-4.6264,-1.0455
2.9308,-6.8641
4.3005,-6.4562
4.5143,-4.4553
4.1896,-3.7275
0.13198,8.0072
-4.3854,0.99637
4.5814,-3.6933
3.3727,-6.0058
-4.8547,0.37353
6.1833,-5.1446
-5.6444,-1.7324
4.1567,-3.726
3.2367,-5.5207
-4.1311,-0.083776
4.0201,-5.264
0.94911,6.9904
-5.0351,-0.26568
-5.1919,-0.13994
4.2355,-6.6529
1.8645,6.1543
0.84756,4.9823
-4.0414,2.9301
-0.76637,6.6006
-5.2673,-1.6509
-0.084712,6.2715
-4.7375,-0.064849
-3.9697,-0.030871
-1.0795,5.5475
-4.4651,-0.35138
-1.8225,6.4825
3.9408,-4.8114
3.8255,-5.596
-7.3042,-0.7699
-3.9492,-0.88971
-5.9787,0.051893
2.7447,6.1155
-3.8573,-1.0078
-0.9828,5.6718
0.57418,6.0006
0.43319,6.1401
3.1062,-5.5952
3.5989,-4.6801
-2.4698,5.6932
3.48,-4.5847
-3.3918,-0.19823
-1.4542,6.4269
1.3945,5.8755
0.39015,4.7787
0.35932,6.4673
-3.5342,-0.66936
3.8958,-6.6755
2.6955,6.2817
0.32777,5.9137
-5.5691,-0.10828
4.5222,-3.6118
-4.592,-0.3838
4.181,-6.1403
2.9007,-4.2415
3.8693,-2.6797
4.0971,-4.6907
0.9066,5.6285
-3.0222,-2.0686
-7.4495,0.072797
3.4553,-4.2318
2.7235,-5.4413
1.3179,5.4575
-5.1216,-0.47954
-6.825,0.077928
-5.3068,1.1441
-4.3882,0.36472
-4.6223,0.15566
4.5049,-4.3295
0.95699,5.1418
0.70791,6.7353
4.7006,-6.6456
1.6795,5.7216
0.24006,5.8757
-5.115,-0.88707
-1.6081,7.1396
3.0827,6.6867
1.1649,5.596
5.5713,-6.1583
-3.2439,-1.5402
-0.73931,6.077
-6.3953,-0.62005
-7.0216,0.63087
3.8125,-3.1098
4.9595,-6.4607
-0.51256,5.1357
3.5127,-5.2871
-2.6547,-0.56142
3.5041,-4.9161
1.8406,7.0205
-5.4965,-0.91337
-4.7632,1.4977
0.86145,5.0081
6.1092,-6.5675
2.6086,6.5136
1.4128,6.2376
3.209,-5.4588
5.2977,-4.8138
3.9144,-4.4651
-5.0746,-0.68962
-5.1598,0.045992
4.1898,-3.3501
0.8157,6.9903
3.2626,-6.676
0.7594,5.0098
2.8164,-5.5739
0.088988,6.2147
2.2136,6.3774
1.6448,5.7622
-6.2537,0.040217
4.7988,-4.6648
2.6716,6.3037
4.9242,-5.3579
-4.797,-0.72977
-4.3312,0.75076
3.0998,5.6696
1.1009,6.2472
4.2951,-4.4191
-0.044116,5.7809
5.6008,-5.7487
3.8829,-6.8129
-6.3272,-0.58388
1.2385,6.5029
-4.4513,-0.058706
1.2385,-4.9311
4.6162,-6.0039
5.0856,-5.1629
-1.3866,6.7993
4.9497,-4.1788
0.0049028,7.2739
-7.3985,-1.2262
4.3096,-6.1722
-5.4235,-1.3824
1.8241,6.5326
0.23117,5.5619
1.2568,6.1413
-5.0399,0.8738
1.9941,6.4993
-4.5351,1.2595
1.3627,6.3094
-4.2785,-1.7668
-3.6223,-0.29041
4.876,-3.1273
1.6153,5.2314
-6.1148,0.54717
-4.9225,0.6393
3.4533,-4.512
-4.0509,-0.50776
-5.1699,2.5701
-6.6392,-1.3162
3.8435,7.2295
3.7042,-5.9723
2.7771,-6.3898
3.437,-5.6428
4.5635,-4.6704
-3.9635,1.0556
0.25895,6.5676
-5.3826,-0.15467
-5.2612,-0.72218
-4.0882,-2.2358
-4.5957,0.69083
-0.00036995,7.0672
5.6338,-4.9738
0.12185,5.8916
6.1137,-6.5294
-0.1756,6.6883
-0.59751,4.9707
3.5356,-5.4489
-4.5639,0.10674
3.8896,-5.5715
3.5173,-4.136
-0.18856,4.9668
3.8794,5.7597
-5.3638,-0.16187
0.061043,5.331
-5.6861,0.69719
3.5246,6.1748
-5.032,0.23412
-0.6624,6.8159
-4.8666,0.73257
-3.761,-0.2724
-5.9884,-0.36247
0.66061,6.8642
-3.9033,-0.80854
0.86525,5.8479
-5.0913,-0.051059
3.531,-5.1727
0.54369,6.2282
3.3522,-4.8669
1.6197,5.6743
4.1269,-3.8866
1.3732,4.4356
-0.54382,6.4463
-5.6861,0.50393
4.7418,-3.807
2.7962,-4.9293
-5.941,-0.38747
-0.11215,5.8556
-0.14765,7.2626
5.4958,-3.4857
2.7319,7.3824
1.7295,5.7974
-4.1127,0.20845
3.717,-3.9497
3.4771,6.4232
-4.598,-0.46398
-5.6062,0.78974
-0.27763,7.6342
4.6511,-3.3478
-4.6683,-0.049901
2.403,7.9966
-4.4149,-1.3453
4.8741,-3.7958
-4.1747,-0.27094
3.0822,-3.1982
4.3363,-3.7679
-0.50969,6.1796
2.8081,-5.7771
0.29626,6.9433
-0.17187,5.9149
-6.8111,-0.69905
4.6609,-5.1329
4.4102,-3.9263
3.0216,-4.177
5.3022,-4.9979
2.4204,5.5394
-4.0127,0.72297
2.4229,7.4438
-1.1497,5.9257
-5.8048,-0.052047
-4.5201,-0.04483
-4.2876,0.46589
0.43353,6.0034
1.143,6.1857
-5.1588,1.2738
-0.84686,6.2382
6.574,-5.2013
-0.041092,6.3054
3.4356,-6.4214
-2.9956,-0.99136
4.934,-2.909
0.37795,5.9525
-4.5916,-1.7692
0.3098,5.4088
3.0302,-5.6995
-1.7065,6.1576
0.95094,6.159
-4.3004,1.3247
-3.3953,1.8866
-6.0177,-0.85967
4.1848,-5.0323
2.9215,-3.3697
2.3506,6.9235
-0.41661,5.7
-6.1623,-0.56945
-4.1502,-0.30983
3.9737,-4.4137
6.3566,-6.6988
-5.8738,-1.3534
2.9191,4.861
-4.9386,-1.3061
-0.41354,5.4491
-3.755,2.0345
-0.054414,5.6736
5.2597,-2.619
1.1561,5.3971
1.1282,5.1314
-6.1824,0.98682
2.1474,6.0318
-5.4603,2.9506
2.7341,-4.1687
-5.8536,-0.37867
3.2488,6.7084
-4.4276,-0.60406
3.9329,-5.2574
4.9456,-5.7956
-4.0327,0.53402
4.3517,-5.3225
-6.757,0.10385
-3.8437,-0.77939
-6.0244,-0.3442
-7.7679,0.56849
-4.9595,0.24529
5.2433,-5.181
2.7864,-6.3552
2.6453,-4.0652
0.666,7.111
-5.0893,1.2718
2.5126,4.7549
0.78519,5.6627
0.70832,6.1365
-0.16549,5.5312
0.7455,6.0478
-0.99527,6.0191
4.2459,-3.836
-3.8853,-1.6633
0.30308,6.2447
-4.748,-0.29073
3.9913,-5.49
2.2444,5.8769
5.0339,-6.1183
-5.1369,0.30589
2.6751,-4.1387
-4.6074,-0.502
-4.7005,1.7576
-5.9967,0.13673
-4.4255,1.8597
3.2146,-3.8979
1.2503,4.5768
4.3047,-5.3718
-2.9933,0.27211
3.8905,-6.5494
0.016389,6.2642
2.2259,6.1363
4.7805,-4.608
1.3683,4.8713
-0.1487,6.8029
-3.9574,-2.054
2.1038,7.3524
3.6402,-5.4934
0.66987,6.4162
1.4412,5.34
-4.6486,0.89121
4.9954,-5.3257
-1.3565,7.9572
-3.6596,0.94314
-0.62153,5.0565
4.1927,-5.4722
-3.7624,0.5344
-0.4089,5.913
4.6508,-4.6862
4.8068,-4.1474
-4.9166,-1.2326
-1.5523,5.9509
4.0074,6.447
4.1651,-4.4745
3.4674,5.2196
3.5814,5.8408
-6.153,-0.87138
3.4553,-4.6285
-4.4729,0.56458
2.0087,4.7377
-4.6724,0.63964
3.2049,-2.9944
5.8366,-5.042
3.9562,-6.1128
3.9172,-6.0867
4.7498,-4.2527
-3.0783,0.66807
2.765,5.6884
-4.6947,-0.60231
4.5156,-4.6495
3.1684,-5.3784
-5.742,0.11555
-6.7505,0.44759
-4.0445,0.44178
-4.2252,-0.75351
5.4775,-4.9396
4.5496,-4.5066
4.6026,-2.9149
-3.8474,0.79569
-4.0557,-0.16674
-5.1534,0.84987
3.2759,-3.905
4.7733,-4.1796
-0.76859,6.0304
-4.8677,-0.25983
1.6893,5.208
3.5234,5.9811
1.4039,6.5412
-4.3259,-0.75039
0.59057,5.5034
-5.5468,2.0633
-5.7962,-0.57793
-5.0992,-1.2465
-4.5159,-1.6448
6.2851,-6.228
0.75954,5.778
4.247,-5.6844
4.7611,-6.5427
-0.81166,6.1927
-4.6396,-1.1111
-1.5754,4.8467
-4.7916,0.64273
3.5969,-4.8128
2.7916,6.2342
-0.74708,6.3071
-5.2616,-0.036311
3.0511,-5.9534
-5.8923,-0.099955
-0.83543,6.2407
0.7252,8.0504
1.0849,6.1585
-3.3978,0.050451
4.0579,-4.5618
-4.3008,1.5838
-4.468,-0.16709
-5.4751,-1.2051
-6.6085,-0.52949
3.9046,6.5765
-1.0437,5.3362
-4.3869,-2.0769
3.2963,-4.4235
2.3753,-3.2173
4.1889,-4.2095
0.61847,7.2
-3.0604,-1.5769
0.16515,6.5105
2.4151,5.6812
0.44838,4.44
3.8561,-4.4023
4.6077,-5.3305
-5.0377,1.1361
0.65017,6.6863
5.1249,-4.3142
4.837,-5.0421
3.8849,-7.925
-3.7524,1.2885
2.6788,6.2244
-4.0497,-0.241
4.6024,-4.1913
-4.4275,0.11629
1.3441,6.1084
2.1652,5.8269
-4.4982,-0.060912
-4.9119,1.973
0.47174,6.1978
2.8837,7.7632
-0.22028,5.1072
-3.9578,-0.80774
-5.5216,-0.65707
-5.1695,0.016668
0.32916,5.4963
-4.5764,0.34634
5.2834,-5.5346
-5.4389,-0.14851
-0.81777,6.5074
1.2306,-3.1506
-5.7627,1.0195
-4.0278,-0.50013
4.2563,-4.8933
-5.4146,-0.044196
-0.20219,6.0786
2.1215,6.8803
-5.2365,-1.2788
-5.2913,-0.66234
-5.5077,1.3514
3.326,-4.6534
1.3914,6.1423
4.7486,-5.5922
0.46763,7.4899
3.5439,-6.1603
2.0902,5.5091
3.17,-4.1041
2.6747,5.4755
3.646,-5.5559
-5.4527,-1.8971
2.3395,6.4412
-2.9392,-1.5969
-4.8173,0.33169
-4.4199,-0.7238
-5.2988,-0.97485
-6.0296,-0.86572
-3.6744,-0.45969
3.6212,-4.5053
3.5865,7.6772
-0.33787,6.1771
-1.4084,5.8728
0.59062,4.8969
5.7441,-6.2099
1.2399,6.0598
-4.4374,0.50983
3.4287,-6.3474
-5.1901,-0.012512
-4.9298,-0.25888
5.8487,-3.0303
-5.0538,0.87391
-0.3718,6.3624
-5.3111,-0.36104
-0.016074,6.5802
0.6705,6.5354
-5.8078,-0.71287
-6.3784,0.58642
4.3973,-3.6298
-5.079,0.39671
2.4106,6.8026
2.5747,-3.8804
4.6272,-5.3042
-3.5538,-0.20259
4.2535,-5.3275
0.6021,5.4609
4.6477,-4.4717
0.78549,6.6444
3.6702,-4.6071
-3.8254,0.31413
4.372,-4.6368
-4.2656,0.54497
-3.9024,-0.27156
3.3885,-5.7665
2.7469,-5.0473
3.767,-5.2556
4.0904,-4.5481
-5.4695,-0.40572
4.8068,-5.5204
0.71835,5.6288
-1.0687,5.3855
3.5122,-6.0026
0.73165,6.5567
3.0705,5.1841
-6.8788,0.13687
-4.0812,2.0434
-4.1422,-0.13029
4.2082,-6.0019
-4.4073,-0.025191
1.0146,5.1012
-4.9041,0.34925
5.8083,-6.5137
-7.195,0.87281
5.5783,-5.4487
1.2485,6.2169
-5.2068,0.64462
4.0755,-6.8931
2.9648,5.3791
-6.2913,1.2354
-5.4553,-0.93453
-5.4515,-0.16214
-1.2321,5.4074
4.4971,-5.7646
-3.0212,1.7925
3.2428,-5.6472
-5.2946,2.0698
2.9624,-5.2553
0.76951,6.806
-4.5372,0.27354
-0.40025,6.5971
2.5817,6.9901
-6.1027,1.4869
1.2672,6.6515
-5.404,-1.4796
-5.2646,0.80005
2.5795,6.0247
3.5579,-6.4263
3.2628,-5.0648
-3.8896,0.80406
-4.1884,0.41704
4.1248,-5.0396
0.36067,7.1724
-1.4765,6.0428
-4.4736,0.94657
5.1692,-5.2781
4.2681,-5.7054
1.2459,6.2258
-3.2833,-0.33303
4.8006,-5.9301
1.4554,5.746
2.8391,5.8974
3.9311,-5.1512
-6.7129,0.20659
3.4605,6.7086
5.3334,-3.2558
1.212,6.1682
3.3161,-5.4626
2.5292,-4.7986
-6.4088,-0.18068
4.5862,-4.8113
2.4039,6.6531
-3.4241,-0.33476
4.8311,-5.8545
1.9216,-5.8092
0.39599,6.5334
4.6598,-4.5117
3.7892,-4.5802
-6.5405,0.060504
5.3683,5.6763
-5.1938,0.36257
-5.3305,0.83922
5.3446,-4.5342
3.133,-2.7146
-5.5831,-1.3223
1.1723,6.6554
-5.9584,0.51807
-5.2088,-0.68362
3.4715,-6.9492
1.4713,5.8705
6.9548,-4.6153
4.3454,6.8242
-6.6927,-2.2914
1.7308,5.8979
-3.9619,-2.7091
-4.5949,-1.5368
1.9558,5.6301
1.7019,6.3928
4.9002,-3.3565
-5.2001,-1.6804
-3.8858,0.40709
3.7965,-5.1342
-4.4312,1.0462
-0.91715,6.8342
3.7963,-2.8965
2.0232,5.3939
-4.5527,0.15866
0.66275,6.7029
-4.3967,2.1944
2.2974,-3.9772
-6.1409,1.7974
3.6644,6.9779
-5.4165,0.80551
2.2177,5.6345
3.54,-4.7343
3.8821,-4.8186
2.2262,6.4409
4.402,-4.2713
4.1498,-5.2382
-3.9103,0.32605
2.1019,-5.68
0.86952,5.4933
4.7953,-5.3488
-0.083028,5.1468
-6.2186,0.9924
0.6802,7.4506
-3.3582,-1.4157
-2.4073,-0.24516
-4.1774,-1.507
2.3773,-4.5521
-5.9623,1.1341
-3.2171,-0.13314
3.3987,7.0208
-5.1874,0.9531
-3.7581,-0.37311
1.1961,6.4534
-3.2549,-0.56208
2.7375,6.8817
4.4105,-6.0344
-1.0604,6.2023
3.0158,-4.3672
3.8033,-7.1482
3.8232,-4.6723
3.9941,-1.9944
4.1118,-4.2334
6.1694,-5.3869
5.5217,-4.2511
-4.5947,0.96496
1.8005,4.8908
4.8977,-4.2882
-3.282,-1.6788
-0.48733,6.5203
2.096,5.924
2.153,-4.6272
2.667,7.0846
0.54673,7.6237
3.0406,-5.2304
1.0657,6.8217
-4.6422,-1.1442
4.9855,-3.8958
2.1749,6.2811
1.4243,6.0197
4.3863,-6.2949
1.4527,5.2363
3.7266,-4.5196
4.7401,-5.4618
-0.56596,5.3236
-5.4836,-0.36348
-7.4162,0.31728
4.6577,-6.0819
-5.1887,-0.41297
1.4101,7.1305
0.96821,6.8741
5.6011,-4.9666
1.1004,-3.2156
4.2901,-5.6214
-3.4557,1.3828
-4.2878,-0.46042
2.9755,-5.4368
-0.66868,5.607
-3.7524,-0.53883
5.2602,-5.6394
3.0851,-3.6916
0.30222,6.7445
-5.3251,0.68895
-6.2029,-2.5026
1.4634,7.3271
2.338,5.1842
-4.1807,-0.39174
4.6279,-5.882
4.2774,-2.1025
3.1834,-4.3297
0.98898,6.4388
4.5149,-7.414
5.493,-4.2513
4.4349,-4.3815
1.1099,6.1633
4.7903,-5.058
4.7226,-5.0998
2.8522,-4.798
-5.6086,-0.18722
-6.3806,0.29107
4.1827,-4.4049
4.2987,-6.1924
4.0966,-3.1808
2.6771,-4.912
-5.9278,0.31409
1.2715,6.0075
-0.07499,6.0446
4.5784,-5.5288
0.15602,6.3272
-6.3643,-0.76771
5.5797,-5.7904
1.1878,6.5723
-5.6589,-1.1529
-0.77854,5.8553
-4.3139,0.75546
-5.1886,0.85311
2.9784,5.8729
2.1004,5.7037
-5.7121,-0.073959
-4.6036,1.9645
0.036371,6.6382
-4.2011,0.040863
3.8873,-4.0897
1.7529,-6.7201
2.022,5.9844
1.2462,6.7269
5.2532,-4.4229
2.7343,-5.0134
-4.8546,-0.90396
4.3467,-4.1574
3.3572,5.9428
2.8087,-4.678
-0.028703,6.2845
2.4939,5.8539
0.89528,-5.3282
0.61694,6.9344
-4.0331,0.70928
-4.4957,0.84098
4.2195,-3.9589
-3.9381,-1.0209
2.9656,-4.9243
0.11523,5.9902
2.7288,4.8075
2.9098,5.914
4.2646,-5.1049
3.0584,-5.7558
4.1735,-5.6799
2.9965,-3.292
-4.23,-0.9715
-3.9914,1.1207
3.7459,-6.5544
-4.664,-0.58352
0.58084,6.0033
-5.6974,-0.85984
1.9902,5.6947
6.4241e-05,5.7506
2.0865,5.8999
5.4063,-5.724
1.2115,5.7105
2.3385,6.762
3.6347,-4.3633
-4.9742,1.2846
-7.0307,0.020345
-5.2918,-2.1608
-0.20808,6.5648
-6.2874,-1.5584
1.4341,6.3274
-5.3596,-1.4402
2.5838,-3.2641
-5.1108,-0.21624
-4.3484,0.94304
3.5997,-6.1999
3.5652,-3.9881
3.7211,-4.74
-4.4112,-0.4258
1.2156,5.853
4.043,-3.9004
-6.6589,1.017
0.66318,4.8641
1.5063,5.9993
-6.1186,1.3009
-4.172,-0.45469
-4.9295,-0.61677
1.505,6.4562
-4.1657,0.4222
0.22576,6.3674
3.8867,-4.4993
-0.79316,5.6607
-6.7355,-1.2827
-4.745,-0.34653
4.3302,-5.7686
1.7259,4.9798
-5.0848,-0.1651
-5.9518,-0.37802
-0.67591,6.5172
-5.3373,-0.89979
-4.1963,-1.4107
-6.8398,-1.3099
3.8696,-3.9503
2.3988,6.1935
5.2061,-5.1939
3.5336,-3.6681
-5.8667,1.6596
4.6717,-4.2238
-5.0853,0.65558
-4.1628,-0.79046
4.3849,6.5547
-5.3806,0.084751
2.1957,6.3571
-4.75,0.3675
0.7894,7.0351
-4.6281,0.56809
5.1537,-6.028
4.0436,-4.0883
-4.3619,1.163
-0.53032,5.6884
3.1147,-5.1171
3.7602,-5.871
5.2872,-4.3425
4.3732,-5.5708
3.8679,-3.1041
4.9078,-5.0669
3.5056,-5.2929
-5.1169,-0.12889
3.1963,-5.5631
-4.116,0.46222
-3.0103,1.6424
-5.4715,-0.55078
2.9395,-5.1869
1.1309,6.3224
0.19104,7.4217
-5.2179,0.36178
4.8399,-5.9419
0.099522,7.0534
4.8525,-5.1238
-5.5732,-0.58933
1.0103,5.0708
4.1518,-5.7378
2.0838,6.0017
3.1583,-4.2446
3.9702,-5.9843
2.6751,-5.1387
-5.0355,-0.25329
-4.3593,0.99814
2.3336,5.7618
3.8583,-4.5433
5.2849,-6.475
3.0363,-6.4693
2.1195,5.2879
-4.9115,-0.62029
-0.86058,6.3202
-1.4192,6.2278
3.1311,-3.7496
0.34139,5.8751
1.0429,5.8823
3.8877,-5.5062
-3.1467,0.59521
-4.9936,0.519
-2.1425,5.8614
-1.5881,5.7675
4.8363,-5.1759
0.4716,6.1228
-1.0719,6.2708
5.4571,-4.6286
-4.779,-1.7469
2.0484,6.6322
6.1988,-4.7312
-1.0806,6.0402
1.6953,5.4972
-5.1216,-0.12075
-5.4184,-1.429
-6.0993,0.39818
3.6627,-4.5148
0.71541,6.649
-6.8381,1.4159
-5.9026,-1.3593
-3.766,-1.2762
-4.316,-1.4857
5.4612,-4.7208
2.1863,-4.146
1.2315,5.596
-1.137,6.7772
2.6779,6.2138
3.6951,-5.2504
0.21097,6.5108
2.8297,-4.4512
2.8147,6.2116
-1.1067,7.3026
-4.9505,1.254
-6.4204,1.5221
6.4392,-5.3083
2.8419,5.6569
2.8001,-3.9324
-6.489,0.71735
-3.8004,-0.56092
3.1027,-4.1706
-5.1616,-0.37057
-3.8446,5.6747
4.026,-5.3706
-1.424,5.9074
4.3613,-3.7712
5.6147,-6.7595
-3.6134,0.61398
2.6545,-6.447
3.215,-5.3951
-6.542,1.149
-5.7141,0.69726
-0.81993,5.4401
1.5804,7.2926
-6.7354,2.5954
2.6434,6.3808
-4.7546,1.0685
-5.5763,0.5081
-5.8583,1.7864
-0.27939,6.9206
-5.7648,0.38111
-2.3655,6.032
-4.9657,0.15436
-5.5259,1.2888
4.8226,-4.8426
0.56133,7.0761
-5.2857,-1.2857
2.3089,6.6058
-5.4321,1.2557
-5.1074,0.55615
-3.9616,2.1958
-6.3852,0.22121
2.4292,-5.178
2.7303,-2.4024
-4.187,-1.1565
3.8356,-4.0698
1.4932,6.2088
4.4252,-2.8663
4.1961,7.144
4.227,-4.1174
-0.44495,7.2588
1.1122,6.3134
0.72181,6.1741
-4.9594,0.097344
2.205,5.862
0.12029,7.4196
2.7254,-6.8939
-4.2461,0.91518
-4.6959,-1.5853
-0.71514,5.7548
3.9309,6.9537
2.3252,-2.7137
5.3779,-3.6887
0.81712,4.838
-5.6654,0.34671
0.24422,5.2744
-4.9759,1.8897
-0.32431,7.8475
3.8256,-2.727
-5.1562,0.85482
2.4582,-5.2317
-4.9421,-1.0176
-3.5464,-1.1086
-5.6611,0.35409
-5.0653,-1
4.5178,-4.1741
-4.3282,-1.5994
1.4825,5.2864
2.7475,6.5685
3.5307,5.2517
4.5405,-5.8492
-5.0805,-0.92484
3.9312,-3.3405
2.628,6.054
-4.4602,0.33055
-4.9828,-0.38094
2.2973,6.8296
-4.7244,-0.29423
-7.3292,-0.85644
-3.9269,-0.3341
1.1437,4.5582
5.2151,6.6227
-5.577,1.657
5.8969,-5.1742
1.6502,4.307
3.1376,5.4289
1.4037,5.9898
4.9222,-6.715
4.7854,-4.8444
2.864,-6.4524
2.7637,-4.3942
-4.1279,-0.075008
5.2064,-4.5231
-5.4138,-0.69291
3.4269,-6.1888
3.5266,5.5527
-5.7658,0.76088
-3.7577,-2.3545
-4.9137,1.0331
-6.3463,-1.6796
5.21,-5.2506
5.1235,-4.1761
0.96629,4.9388
4.4068,-4.2182
1.2351,8.6643
-3.9448,0.48687
-3.9324,-1.2412
4.4191,-5.6056
-4.9387,0.73922
-5.0838,-0.74605
-0.55774,6.8686
-5.1595,0.65881
4.4539,-4.3715
-6.2901,0.13045
4.5059,-6.3295
4.6038,5.4123
0.18505,5.9276
-5.4961,-0.07054
4.0039,-5.2224
1.6509,6.6263
-0.11328,5.4595
2.2137,-4.3257
-4.7099,-0.53163
-4.4374,-1.1835
-4.5638,-0.70829
3.9858,-4.6632
3.0577,-6.4922
-3.6959,-0.29351
3.7593,-5.534
-4.8904,-0.14523
-5.2881,2.3898
-5.0497,0.88802
3.4772,5.7256
1.6957,5.9074
5.0946,-6.7115
-1.6238,5.9099
2.716,6.6347
-0.9397,6.1555
-5.0463,1.205
-5.0334,1.017
2.1166,6.299
3.3431,-4.3636
1.5095,6.5156
-3.504,2.2581
5.9889,-5.336
1.7177,6.8596
1.429,5.5833
1.0809,6.3209
-4.8759,0.57378
2.3547,6.5422
3.5888,-5.1056
-3.667,-0.75242
-5.137,-0.16574
0.071031,5.1954
-4.0013,-0.86911
3.587,-4.4657
5.0166,-6.16
1.9151,-6.7724
1.3629,7.1525
4.5472,-4.1568
1.41,6.1744
0.57507,6.5104
-1.8346,5.3663
3.8701,-5.6853
-0.018904,5.0195
0.93211,6.78
2.8814,5.5765
-6.8821,-0.56764
-4.3996,0.93887
-1.7275,6.4038
1.8853,6.8132
4.1389,-3.0289
-5.2761,-1.5833
-3.7948,-0.90865
0.6171,4.6472
-2.3641,0.5264
1.0229,5.3383
-0.27676,6.4902
1.7939,4.977
1.6063,-3.9506
1.2566,4.2664
-6.2283,1.4798
2.7192,6.7276
3.5235,-3.0762
5.7712,-5.9954
-5.3946,0.67547
3.679,5.4513
1.6594,6.2176
-0.3632,6.8255
3.4661,-4.1183
0.87064,5.4573
1.3848,6.1838
-0.2188,7.2761
0.051091,6.4513
5.7351,-3.8504
3.4189,-3.0898
4.6568,-4.632
-0.45625,5.8939
3.5431,-5.2702
3.9285,-3.2787
3.9334,-4.534
4.1922,-5.6669
-4.1791,-0.74623
-5.2182,0.85147
-0.45218,5.4385
4.7395,-3.8563
4.2339,-5.1879
6.0955,-6.8099
-5.2721,-0.31407
3.7721,-6.2713
3.4695,5.2206
0.12457,6.5021
3.9937,6.0825
3.6387,-4.9886
2.2965,5.2857
-4.612,0.15039
1.8582,5.7415
4.9147,-2.8617
1.3304,5.7126
4.3785,-4.2977
2.834,-4.2644
3.7055,6.5961
2.9087,6.7695
0.93427,4.8013
2.3874,4.8938
-4.8892,1.3629
-6.4604,1.9362
-4.1374,0.81928
-4.8982,1.3903
4.4261,-4.9481
1.5684,7.3367
1.1646,7.1694
1.7813,5.4062
2.5254,-4.5587
-4.6858,-1.3051
-5.9374,0.95893
-3.7323,2.16
1.2324,6.4358
2.8519,-5.8505
-0.44257,7.1861
-4.4605,0.36991
-0.67321,5.9077
4.5812,-4.6267
-0.14578,6.4822
-5.006,-0.61821
5.288,-3.3073
3.9329,-3.7579
-5.9941,-1.3454
3.8003,-4.4204
3.2899,-6.3736
-4.5295,0.45485
4.4416,-4.5203
-3.2927,1.12
3.7681,-3.9787
2.9408,-4.6668
3.7207,5.5504
0.6275,5.6663
-5.7283,-0.25203
-5.2185,0.31241
-5.5543,0.18774
0.095162,4.8073
3.3809,-4.4061
-5.8928,-0.83097
-0.53977,7.4611
-5.3899,-1.4713
4.5563,-4.4908
-5.5281,0.67087
0.82421,5.206
-3.6514,0.27842
0.29084,5.7144
2.3955,5.8243
-1.0343,5.838
4.9686,-5.0605
-4.5051,1.582
5.2851,-4.6368
4.8602,-5.0916
1.1938,4.8952
-4.8357,-0.33881
-4.3072,-1.0702
3.9304,-4.4898
-0.21466,6.3511
3.1363,-6.2253
1.0536,5.5091
-4.8031,0.98347
4.1987,-3.9479
-5.2303,0.13988
4.0027,-4.8972
4.2442,-6.723
4.8779,-5.0841
1.7256,6.4762
-5.1094,1.9883
4.7288,-4.4133
4.1332,-4.9237
-1.245,5.5607
3.7564,5.4179
-3.5878,0.16063
3.6564,-3.3553
2.9584,-6.0867
4.1365,-4.836
6.1976,-4.876
0.4443,6.4533
1.5444,6.2016
-4.4075,-0.60809
3.8597,-5.5778
2.1774,5.4236
3.06,-5.5839
-4.7632,-0.59671
5.503,-5.3574
0.51729,5.9522
3.2887,-5.5094
3.4493,-3.9008
1.4852,5.4052
3.3992,-4.7609
0.92356,6.0578
5.5172,-6.0927
3.8641,-5.8937
0.57202,5.5414
-5.6948,1.2517
-3.9987,0.28505
-4.4072,-0.42731
5.7686,-5.6416
-4.5379,-0.18062
-5.3952,1.1885
-0.4797,7
3.7107,6.6708
-1.307,5.9167
2.7573,-5.1765
4.2505,5.0625
0.65929,6.1513
0.8112,5.996
4.6238,-4.5384
-7.9372,0.70235
3.2714,5.7167
4.8954,-4.2315
-5.1177,-0.60257
-0.59773,4.4582
0.58482,5.7972
-0.54247,5.6487
4.2027,-5.1498
2.42,6.6357
-3.1751,0.29354
-0.65062,6.2033
0.59593,6.6158
-4.1291,-1.0514
4.5794,-4.8826
-5.8337,0.24513
4.449,-5.8502
-1.3134,6.1403
1.0429,6.7955
5.3676,-3.2594
2.4944,-4.7002
4.898,-4.684
-4.921,0.48097
3.2237,-6.4015
1.5799,6.1525
2.6725,-6.3944
-5.651,0.040258
3.9614,-5.274
-5.2445,-0.45845
4.5967,-6.3992
-7.0968,-0.41548
5.6218,-6.0609
-5.0535,0.36906
1.5872,6.0088
0.76924,5.7018
2.6941,-5.1637
6.0736,-5.2551
5.6086,-5.9586
3.1875,5.7447
4.6691,-5.3364
1.8229,4.878
3.8579,4.6949
-4.5235,0.14697
4.7185,-6.058
-5.6663,0.71013
-4.2147,-0.7392
6.1208,-4.4734
4.3233,-6.0602
-1.4496,6.4383
5.5168,-5.6067
2.5248,-5.0124
5.0159,-5.3833
-6.0299,1.4986
-5.8024,0.2153
5.1013,-5.1075
-5.055,-1.6828
2.0617,5.978
-5.6247,-1.0343
3.9917,-5.7855
-3.747,-0.7367
3.3882,-4.6426
-1.086,6.4933
4.3435,-6.3071
3.3942,-5.8637
4.9485,-4.4134
4.0521,-4.3293
2.9193,-5.16
-5.3373,0.99351
0.60437,6.2213
-1.0893,5.8434
-4.3,0.38809
-4.7131,1.9557
-5.3167,1.2536
0.28167,7.0937
2.7727,-6.1744
3.9011,-7.8688
-3.2057,0.27718
-6.219,-0.78196
0.45413,6.3001
-4.9228,-1.5961
-5.5173,1.5404
2.883,-5.6575
-4.6351,0.70842
2.9073,-5.7389
4.2166,-3.4382
3.3143,4.8461
4.9295,-7.6067
4.107,-4.0729
-0.94936,4.7095
-2.1806,5.2702
0.82584,5.6825
3.8903,6.4106
-2.6287,-0.14276
-5.3414,0.12292
5.5384,-4.6126
4.0681,-4.629
0.38131,6.6795
1.734,6.0795
5.2337,-5.1222
5.0668,-3.644
-6.3622,-1.5843
-1.5198,6.2428
5.028,-4.7042
-5.6099,0.90553
1.5052,6.2722
1.6937,6.2244
-7.4436,-1.071
5.1924,-4.0093
-4.9573,-0.58614
-6.2387,-0.064099
-1.5962,7.3731
-5.4435,-0.45415
-4.3599,2.076
2.27,6.8907
4.5599,-5.3204
3.892,-6.5909
-6.2144,0.78965
3.7313,-3.7566
4.8268,-5.1673
2.8688,-3.5609
4.2768,-5.1674
1.8121,6.3761
5.3515,-5.7432
1.6761,6.2346
-3.9259,-0.19763
1.5144,5.4809
4.1814,-3.7369
4.1213,-6.4372
4.3399,6.6265
-5.7794,0.23215
2.761,-5.5322
3.0553,5.3058
4.7366,-4.6454
-4.1506,-0.34872
3.4972,-3.9809
-4.5676,1.7261
-4.7484,0.55197
4.1733,-5.3151
-5.2034,-1.2611
3.049,-4.8659
-4.2982,0.65461
2.6107,6.7063
2.7442,-6.8176
1.1736,7.2663
5.1992,-4.5459
-3.5241,0.47795
-5.2466,-0.1014
-3.2679,0.6242
-4.5371,0.88201
3.4016,-6.7071
-5.1581,0.48091
2.3356,6.1136
4.3237,-3.8844
3.8647,-4.8465
1.8757,5.4888
-5.5004,0.45622
-4.786,-0.36893
3.8364,-3.8036
-2.6624,0.67318
-5.5181,0.60727
0.89215,5.7683
-4.4284,-0.2802
4.0806,-4.9392
0.42162,6.9091
4.0916,-5.3153
-1.3392,4.9697
5.1095,-3.4006
-4.4879,0.03239
2.7389,-3.8922
-4.0551,-0.18015
1.4036,4.6006
0.59515,5.9256
4.0463,-4.1601
2.1648,5.8735
-2.1546,5.5679
-5.2177,1.0171
-3.5889,-0.45718
2.4612,6.0811
-6.3559,-1.4898
-6.0324,1.5043
-0.16154,6.9735
-4.3594,1.3273
-7.0051,-0.5512
-5.1037,-3.5393
4.9733,-4.6833
-5.2663,1.6645
2.7633,5.9197
1.2279,5.0512
0.41271,5.1364
-2.918,0.10642
4.0888,-3.978
0.56451,5.6596
1.0722,5.91
-6.2105,-0.75735
0.89628,5.9293
3.4299,-4.8878
3.7109,-6.0722
4.0097,-5.7225
4.3979,-5.4561
0.68623,6.676
5.2226,-5.5988
-4.7421,0.23951
2.0994,5.4982
-3.5452,-0.30278
-0.022019,5.4291
1.6128,5.1624
3.0392,5.3509
-5.7993,0.25327
-5.9884,0.6801
3.5978,-4.3128
-0.1418,4.6618
0.19251,5.7239
4.06,-4.8267
0.20243,6.1779
2.6057,5.7529
-5.1308,0.44281
0.14672,5.7455
-6.7209,-2.2912
1.4285,6.1683
1.4054,6.4385
-6.8129,0.22643
-1.593,5.3293
1.59,5.6746
1.2502,4.8936
-5.1217,1.272
-1.7863,4.8442
0.45748,6.3697
-0.61274,6.1497
-4.7057,1.198
4.4658,-6.0499
2.3207,4.7252
2.8276,-6.3347
2.7303,-4.9326
1.1612,6.3318
-3.2283,0.089551
-5.1206,-0.30406
-5.1045,0.33528
-4.1014,-0.21637
-0.20263,5.6198
0.92673,6.3112
-4.4635,-1.5451
2.6592,-5.5616
-3.8851,1.0088
4.0586,-4.4337
5.487,-3.047
-5.1718,0.58103
3.7133,-4.682
6.0241,-4.9375
-6.1929,-0.32244
4.4592,-5.6782
3.0726,-6.5669
-0.70957,4.5892
5.2338,-4.8656
-4.3087,-0.26252
4.2203,-5.7229
-5.8002,-0.79791
-6.748,0.11034
4.9035,-4.8521
5.4075,-5.5132
3.3823,-6.2367
-3.3503,-0.10318
-5.3182,-0.12033
-4.362,-0.38903
1.5835,7.0274
2.0007,-2.5859
-5.9787,0.85087
5.4776,-4.8072
3.2999,-3.8982
-4.1864,0.14121
-4.6486,-0.89054
1.3878,5.8897
4.4984,-6.4315
5.7429,6.1896
-5.2387,-1.8701
-6.7012,-0.2811
-5.7172,-1.2785
4.2304,-6.4156
5.0115,-5.7049
-5.792,0.83241
3.4642,-4.1678
2.2272,-3.8659
-5.5225,-1.4929
-6.1497,0.15342
3.6413,-6.1093
5.6301,-4.5858
0.30761,5.8768
-5.2188,0.10831
-6.7552,0.78996
3.8961,-6.2073
-3.7495,-0.37648
0.37371,5.6911
2.3045,-4.8451
6.3121,-3.1782
0.22846,5.5446
4.0833,-4.6377
-3.6492,-0.49259
2.1673,-4.0632
-3.4032,-0.21949
3.5918,-5.2714
2.9816,5.7308
1.525,5.5376
3.3628,-3.9754
3.524,-5.4156
0.12249,5.1932
1.3402,5.6979
3.2454,5.6812
-4.2967,2.5771
-5.5279,-1.4162
-4.9001,-0.31974
4.0041,-3.9305
1.1671,6.9719
-3.7999,-1.5133
-0.58959,6.1644
0.0056654,5.6505
2.7978,4.5558
0.76221,6.0402
3.2461,-4.009
3.4425,5.726
3.6038,-3.4844
3.3116,-4.4471
4.2199,-4.4708
-4.5427,0.65426
5.0066,-5.3551
-5.8771,-1.0399
3.2929,-4.3477
1.6058,5.9202
-3.3652,7.0026
5.0509,-5.5333
-5.783,-1.0845
0.079587,5.2782
1.9787,6.4334
5.3184,-5.8721
-3.8959,0.50314
-5.9314,-2.0269
5.2284,-3.9629
-0.37234,5.6318
-5.8162,-0.26475
4.5398,-5.9718
-0.17632,5.9253
3.9861,-5.2425
0.35314,5.4018
-0.15176,5.5596
-4.7485,-1.4982
-5.9855,-0.095865
2.6119,6.1521
-4.7594,-1.4259
1.4575,6.3978
4.9145,-4.3062
-0.039542,6.6888
-5.6716,0.66362
-5.3094,-0.019081
4.191,-5.0108
-0.48949,7.036
2.9373,-5.4679
-0.37597,6.3328
-5.5836,-0.18189
1.7415,6.301
-5.8296,0.61362
-4.7531,0.93388
1.5245,6.8564
6.3741,-4.7517
4.6269,-4.6523
3.5846,-4.0169
3.1584,-5.1067
-5.2405,-1.2894
-4.8039,-0.40124
0.7399,5.7395
5.8086,-5.5247
-0.12348,7.8272
-4.8199,1.946
4.1818,-4.8503
-5.8098,-0.10966
4.083,-5.5485
3.9092,-4.7496
0.8874,5.1168
0.88866,5.4909
0.027341,5.2473
3.2977,-3.2484
3.0261,-4.6537
1.1034,6.4229
3.8438,-5.3968
-4.7722,0.54372
-5.7482,-0.906
-5.0882,-0.55869
4.4518,-4.0233
-0.96475,6.0177
0.36578,4.5265
-4.7645,1.4135
-4.0525,-0.1952
-5.2636,-0.16866
-4.4814,0.71583
-4.1345,1.3547
-5.2056,1.9766
-4.9716,1.0201
-5.5471,-0.30857
2.9146,-4.2884
-4.7209,0.47626
4.7559,-5.3027
-3.7499,1.4223
5.012,-4.7547
3.9293,-4.5083
3.3819,6.0013
2.9224,-3.6718
4.6589,-4.1375
0.9556,5.5005
2.7318,-5.4479
4.2362,-5.5979
2.7892,-6.6122
2.9732,-3.7316
-1.1647,6.4083
-5.7431,0.76774
5.2659,-4.9894
1.5762,-3.8899
-3.9976,2.0537
-4.9885,1.0093
-4.9596,0.54945
0.29995,6.4983
-5.9745,-1.6893
2.1369,5.5744
2.1263,5.4017
3.2239,-4.5691
-5.0538,0.83593
-5.0728,-0.080348
5.5951,-6.5866
-4.7882,1.2904
-3.6235,0.32985
-2.0543,1.4901
4.1948,-4.9626
1.9393,7.1361
3.6787,-5.2121
0.91152,6.7582
3.0873,5.6885
1.5444,6.5461
3.6487,-6.1496
2.6284,-5.8391
3.2319,-4.917
0.0064469,5.6407
0.1825,4.8913
1.2039,5.5278
2.6714,-4.3693
-5.2753,1.5845
-3.4113,-0.53809
-0.73451,5.4558
3.7271,-5.1769
-3.36,0.3617
-3.8282,-1.306
2.4388,-5.7539
-5.7784,1.2231
1.3137,6.9025
-3.4758,-0.54255
-4.6873,0.13732
-0.12412,6.4661
4.6591,6.0413
-6.6774,-0.45492
-5.4506,0.33951
-0.14507,5.2662
1.106,4.9215
4.6467,-4.4915
3.472,-4.4037
2.3468,-4.4231
3.7376,-5.8404
4.6375,-5.3384
-3.3873,1.8663
-4.9989,0.18975
-5.2846,-1.3092
-5.6976,0.44344
4.408,-4.3621
0.057445,5.8703
2.4787,5.628
-4.1457,0.3537
3.9964,7.2111
-0.53065,6.8763
5.3102,-3.9328
-4.6676,0.18699
4.5217,-5.878
-3.4967,0.33472
-4.3027,0.6129
-4.1597,0.91845
1.0406,-6.0104
4.2094,-6.0042
4.2109,-4.6518
0.918,6.7529
-0.85973,6.753
0.92034,5.8733
2.2335,-4.9298
1.2911,5.7309
-5.1692,-1.3186
-6.5619,-1.2635
1.874,5.2945
-4.678,2.0731
3.8585,4.2598
-6.2714,-0.062758
1.1446,5.5446
4.3847,-4.6964
2.1034,5.6665
1.8388,6.9627
-5.5816,-0.45975
3.0743,5.053
-5.9267,0.55829
-1.3985,6.7579
-4.466,0.75918
3.2864,-4.4761
-4.3696,-1.8061
3.2811,-5.828
-5.0406,-0.62513
-3.2539,0.29972
4.0192,5.9515
-0.82048,5.5325
-6.6851,1.2514
2.0129,-5.4041
2.9062,-4.1603
2.0858,5.2524
1.8127,6.2617
4.1403,-4.7111
-6.0094,-0.85564
-4.9731,1.9406
5.2507,-5.4301
3.1384,-5.5063
0.90823,5.0853
3.5486,-4.4032
-4.8418,-1.0243
-4.9543,-1.5901
-4.7237,0.36065
-5.5112,-0.47111
3.6303,-4.259
4.9225,-2.1314
1.7016,7.3909
4.7423,-5.1587
3.07,-5.9908
0.86928,5.71
2.6921,-4.3102
0.090762,6.0516
3.8677,-3.8392
-6.3386,-1.402
-0.25709,5.4088
-0.55792,5.4455
-0.56573,6.3455
-5.6532,-0.085204
4.5649,-5.3443
-0.97764,5.2466
-6.057,-0.030199
-3.9812,-0.51927
4.8856,-5.797
3.3025,-4.6146
0.40632,7.6642
2.7234,-5.4208
-4.6022,0.1856
-5.9846,-1.7083
3.4557,-4.1264
4.0549,-6.0173
5.2983,-5.914
3.778,-4.756
4.4899,-5.2916
3.5741,-3.7147
-4.5828,1.2134
-4.6238,-0.38692
2.0195,5.3901
-4.1688,-1.0272
-4.6084,0.033669
-4.3484,-1.2111
-6.1888,0.34718
-0.13882,5.8322
-3.9041,-1.0742
0.93493,6.202
-0.70046,6.1805
-4.437,0.48111
-0.17571,5.3748
-4.4586,-0.087646
-5.0529,-0.1033
2.26,5.7151
-3.5241,-1.125
3.7305,-5.8841
-5.234,0.50523
-0.18563,7.2815
2.2148,5.149
3.2127,-4.8596
-0.0060329,4.6313
-5.8341,1.8647
5.0785,-4.8039
0.33508,5.1353
-1.9458,6.5914
-4.1045,1.0458
3.5188,7.4741
-5.4168,-0.18026
-1.6762,5.5933
0.94518,7.5069
0.38359,5.7874
-4.9471,0.15864
3.2066,-5.1121
-4.0488,-1.1223
-4.2116,-1.012
-4.0263,-0.307
4.8967,-5.5341
3.0577,-5.238
-4.687,-0.15687
5.2334,-5.113
4.2491,-5.0306
-3.6303,-0.18222
4.5843,-5.5112
3.2222,-4.393
1.9206,6.7244
-5.4422,0.45616
-0.75106,6.7747
4.3165,-4.3457
6.1558,-5.9512
3.5243,-6.0306
0.95325,6.0076
-2.7407,-0.6309
-5.1649,0.065682
3.0631,6.059
4.205,-4.3511
4.0427,-3.8325
3.9597,-6.831
3.1197,-3.5634
1.3431,5.7696
1.3741,5.2562
-3.219,1.1284
-4.2188,0.80358
-3.9758,-1.2321
-3.8302,-0.1742
2.955,-2.8542
0.89354,7.533
5.844,-6.1686
-5.6747,-1.921
-0.93134,5.2364
-4.7929,-0.43869
3.9245,-6.4505
-1.1577,5.9452
-3.5591,0.84946
3.0195,-2.815
1.2162,7.1888
-6.0802,0.13474
2.6682,6.0166
3.4744,-5.7069
3.2764,5.2451
3.9597,-5.071
0.02183,6.1525
4.1659,-4.6973
3.4663,-4.3819
-5.934,-0.096115
3.4853,-5.8776
1.1664,5.8488
-5.0299,1.6679
0.70649,6.293
4.5113,-5.2441
0.71386,5.6346
-5.4268,-0.5672
-4.2731,0.42659
2.6827,-3.3947
2.1462,6.2064
3.4663,6.0359
5.5461,-5.1409
3.3148,-4.4489
3.1598,5.7907
0.86516,5.1189
-5.2831,-0.435
-4.6172,0.53112
0.93311,5.2717
1.0484,4.342
3.9197,-5.7153
0.14532,6.8373
1.5915,6.2433
2.45,6.8319
3.0571,-5.6638
5.1567,-5.8624
-4.8944,-0.77078
4.3223,-4.1529
3.4333,-4.5563
0.19988,5.9792
-5.0589,0.79633
-4.0341,-0.55819
-0.83734,4.0652
2.8794,-4.6005
0.27471,5.9245
-5.3239,-1.3178
-5.8688,-0.70921
5.5338,-4.3761
3.4928,-5.9483
5.5075,-5.5353
1.2912,6.1962
1.6601,6.0339
4.5504,-4.6327
-6.2443,0.36018
3.7344,-4.798
-0.92264,7.6443
-1.3066,5.2355
1.9396,5.9127
3.7443,-4.0055
-5.6779,0.41755
1.5206,6.4708
0.95453,4.9273
3.7032,6.8876
-5.5618,0.47662
2.9099,6.7598
3.8863,-4.8655
3.714,-7.1947
-5.6318,-0.76424
0.027321,6.8184
-3.1587,2.1587
2.3499,5.9488
1.6668,5.1941
4.3799,-5.037
3.6461,-3.5561
4.8248,-3.8311
2.8235,-4.0299
-5.0936,-1.0872
-0.23228,6.426
3.301,4.7682
0.96342,5.7967
-4.6129,1.4385
-5.2646,-0.8314
4.3966,-6.4527
0.27405,6.4393
-6.5515,2.1713
-5.0432,-1.6055
1.8435,5.9323
1.6716,-6.1307
0.99551,7.2894
0.59764,6.1198
-3.9312,1.3834
-5.3986,-0.57252
0.54332,6.008
3.2145,-3.1682
3.6808,-3.6548
-0.29256,6.3704
5.4122,-5.3215
4.0766,-6.3744
4.2955,-3.6958
2.4377,6.2998
3.9016,-5.4828
-0.3747,4.9415
-0.55989,4.9919
1.2406,6.5047
3.152,-6.5961
3.0705,-5.3507
2.9537,7.4319
-6.2367,-2.4766
3.0517,-5.5831
4.4081,-5.4355
0.83046,6.907
4.1588,5.3178
5.3056,-6.3475
4.584,-3.8768
3.3108,-4.0229
4.649,-3.2074
4.7882,-3.4742
-6.4903,-0.22269
5.9351,-5.8408
3.3236,-5.1085
-4.1362,-0.48092
2.7623,-5.9466
-6.1325,0.58668
1.0164,5.5046
-5.0986,-1.224
-7.322,0.31828
-0.97464,6.6602
4.4834,-5.1476
-0.27501,6.9501
-3.1167,1.4333
3.8719,-4.2948
-5.8509,0.94795
-3.9915,1.2889
-5.5076,-0.35595
1.7197,5.361
2.4623,5.2447
5.1851,-3.3242
3.2243,-5.26
0.96262,6.3656
2.7324,4.5417
-6.7521,-0.56417
0.94944,6.8105
-5.5518,0.51602
3.4469,-5.3372
5.4779,-6.2485
-4.5385,-0.32878
-4.4011,0.064829
0.13263,6.6627
0.32513,5.8326
4.3037,-6.0094
-4.3189,2.1427
-2.6678,-0.96168
0.27834,6.5785
1.8405,6.7669
-5.9622,0.30617
3.9561,-6.0808
3.4314,5.3538
-4.7028,-0.71133
-3.0907,0.13137
3.6704,-4.9537
4.7685,-5.1558
-6.6817,0.44253
1.7811,-4.6205
-4.1363,0.58143
-1.3976,7.1586
2.2755,7.0069
2.9798,6.9067
-4.4778,1.1884
4.5682,-3.9453
0.75186,5.2806
-5.3079,1.5362
3.6861,-6.3998
-6.0873,0.099479
5.5343,-4.8949
2.113,6.6986
1.3905,5.7514
1.9336,7.2487
-4.5131,1.847
3.0173,-3.383
-4.9249,-1.1395
4.2164,-4.9031
3.8862,5.7746
2.0383,6.2672
0.94861,5.5255
0.6462,6.3903
3.2276,-5.9825
-6.2486,0.77284
-5.1603,-0.99879
3.158,-4.7549
2.4369,6.223
0.61744,6.7238
-0.60853,6.4829
-5.845,1.0066
1.2217,5.2874
1.3146,5.2575
-0.3701,6.5361
-1.7493,7.3064
2.8383,-4.862
-2.1863,6.2455
5.0335,-4.7319
0.55863,6.5719
1.8543,6.3559
5.834,-4.3998
0.68005,5.977
-4.012,0.01556
-4.6156,-1.6303
4.7465,-5.2924
-3.9145,-0.30957
3.8198,-4.4558
2.4137,-6.0235
-5.2072,-1.5876
-4.6099,-0.56354
5.3912,-7.0206
-7.1412,1.8196
-4.6277,-0.45651
2.0284,5.0917
-5.516,1.2023
1.6095,7.0149
-4.2628,1.0895
2.9136,-3.7112
3.8074,-3.7403
1.8087,-5.3259
-4.2109,0.039103
-8.0387,1.0516
0.47566,6.3248
3.1114,-6.1857
-5.436,2.023
3.2913,-5.9028
5.0083,-5.2571
4.9775,-5.5249
-0.34104,6.1333
3.4811,-4.6483
-4.1978,-0.20342
4.0922,-5.9763
-0.62302,5.6496
4.0042,-3.2486
-3.562,-0.96425
-3.8792,-0.80526
5.0254,-3.2113
-3.7815,-0.035734
-3.449,-0.44476
-6.0592,0.96917
3.3256,-4.537
-4.661,-2.2511
5.1485,-5.8967
3.8674,7.1543
0.010935,5.2626
3.7723,-3.1325
-3.3845,0.79922
0.97433,6.2929
-4.8105,0.14448
-0.2874,6.1719
-5.0499,-0.92971
5.6621,-5.6447
1.3928,6.1172
4.2732,-2.3783
-5.6718,0.079573
-5.7539,-1.2823
-5.064,0.23731
1.4,6.3774
1.3457,5.3861
-4.2822,1.6452
0.53504,6.1094
3.8394,-3.0322
-1.5501,6.0189
4.7053,-4.5882
-2.4934,0.4145
0.30554,5.0265
0.747,5.8612
0.18195,5.4288
-6.8323,0.23859
4.2681,-6.7134
-5.1707,1.8588
-3.8788,-0.97464
3.9006,-5.0299
-0.13749,6.0146
-6.0735,0.39862
4.23,-6.0102
-4.5209,-1.2484
6.0905,-4.8536
-4.2079,1.408
-4.5836,-0.12965
-5.8634,1.291
4.2537,-5.1046
0.023394,6.4412
1.5419,-5.576
-3.5263,-0.71819
-0.96504,5.447
0.081944,6.439
-0.19808,4.8011
3.3204,-5.653
-4.7719,-0.40324
1.5985,6.0765
4.056,-3.9928
4.6423,-5.1022
3.7575,-5.1831
-3.4605,0.32836
1.092,5.1366
1.7466,7.0248
-1.1159,5.3069
3.9688,-6.3519
5.1036,-5.32
3.0978,-5.2489
3.6742,-6.0526
1.1606,5.5872
3.8585,-5.9373
4.9401,-4.9798
0.56764,7.1608
3.9698,-5.2148
-3.6899,0.22138
3.0737,-5.9076
4.305,-5.8612
0.53742,5.5673
-1.0345,5.7572
2.9474,5.3499
-4.2309,0.50924
1.8136,7.412
-6.8862,0.59128
4.6007,-6.0864
-2.7391,1.623
-0.63446,5.1882
-4.1943,-1.1195
0.58205,6.0884
-7.7176,-0.3713
0.92292,6.5021
-1.506,5.5363
3.2102,5.7838
-0.8788,6.3561
-5.0575,2.5902
2.0344,7.0697
-5.776,0.32193
3.0857,-6.4821
-3.2891,5.9294
-4.6982,-0.96075
-4.7946,-0.49868
5.0184,-3.9485
3.3625,-4.681
2.6232,-4.1939
2.9904,-5.0739
-6.5848,1.6865
3.1762,-5.4634
-5.8206,-0.62405
1.1875,6.3577
5.3532,-5.159
2.3992,6.7835
-7.2304,0.066093
1.5605,7.0808
2.5807,7.0114
3.1688,-3.4285
5.1918,-6.5239
1.5032,5.2474
4.4155,-4.0398
-3.7324,-0.17874
2.6621,7.2751
-2.6927,4.3244
-5.5114,-2.3898
-0.5104,6.2147
-4.0593,0.61705
2.9927,-3.8196
4.0019,-6.1218
5.8699,-4.9773
-6.6186,0.35966
-4.8043,0.28954
-3.8459,0.46533
-5.0278,-0.020171
3.7496,-5.9182
1.2416,5.6519
0.14292,6.5651
-6.3689,-1.5621
3.7292,-5.5802
1.784,6.9292
-0.25913,6.0307
-0.22593,5.9988
3.7163,4.6748
3.9424,-6.6669
-1.7656,-1.9642
1.5044,6.6545
4.023,-7.0859
5.5695,-6.087
1.2889,7.9941
-3.3205,1.3094
0.40343,6.8498
4.7943,-4.5456
4.1025,-3.3486
4.9386,-4.8416
2.2939,6.1254
-4.4397,1.4299
3.7443,4.2707
-4.1911,1.4792
-7.1396,-0.60169
4.4144,-6.0427
0.3456,4.7174
2.9035,-4.7319
1.5991,5.3547
-5.0613,0.40471
-5.5339,1.3824
-3.3754,-0.72712
-4.1451,-0.87214
4.7435,-4.5219
0.52565,4.8652
0.9178,6.6798
0.92356,6.0348
4.6774,-3.7525
2.9741,-5.52
-3.9197,-2.4928
-1.9965,5.4919
-6.3338,-0.1658
0.18435,5.2886
2.6812,-4.659
0.07693,7.0243
1.7586,5.3285
1.2873,5.8076
-0.12012,7.8203
-4.6395,-0.70987
3.1098,-6.3306
-3.9801,0.6887
-2.8812,5.0108
1.136,5.8165
2.9048,5.7635
4.3892,-3.4403
-4.0621,1.1019
3.0717,7.0533
-4.1845,0.32825
4.0452,-3.889
0.70227,6.4667
6.1958,-4.6852
-5.5348,2.0413
3.4736,-5.7965
1.8752,5.7342
3.9116,-5.8969
3.9534,-5.1199
2.7773,5.2569
-3.7428,-0.91031
-4.0543,-0.74252
1.8098,6.1509
3.2002,6.1667
3.3315,5.6658
-4.3896,0.79269
2.5278,5.5189
-0.18922,5.882
1.5065,4.8104
-3.6929,-1.8355
-5.6076,-0.75358
3.2154,-5.4858
1.2065,6.4859
-4.4888,0.20533
-0.771,5.7114
1.15,6.9826
-5.1868,-0.35987
2.4784,6.5752
0.72409,5.9019
1.9426,6.3915
2.0104,5.6996
-5.7094,-0.077095
2.6285,-3.9418
2.2719,6.6898
-0.092205,5.7301
3.1131,-6.7596
0.27229,6.2843
0.88338,5.7723
-0.41917,6.6157
4.7493,-5.8515
-4.1599,-0.8246
-0.48879,5.0175
-6.0994,0.58886
-4.6368,0.6896
3.979,-5.5963
-5.9324,0.65043
0.68054,6.328
-4.8763,2.8722
-5.2069,0.21008
-5.4586,-0.97435
-4.5234,0.3481
2.9253,5.6166
4.9354,-5.3556
-6.5166,0.12731
-5.335,1.6018
0.19189,5.6046
3.9685,-7.6165
0.47651,5.252
-5.5726,-0.30173
-4.4453,0.54107
1.4125,7.2477
1.137,7.1874
-5.2434,-0.63482
0.60909,6.5376
0.82729,6.4185
-0.78921,5.5348
0.94666,7.0308
-5.8626,0.41255
3.8736,-6.1254
-6.2681,-0.6963
4.4064,-6.2227
3.2173,-4.4248
-3.0914,0.78113
3.609,-5.0349
-0.6491,6.231
4.4298,-5.8297
-3.7982,0.71006
0.57349,6.1718
4.1823,-3.8401
-0.89159,5.9187
3.5533,5.9918
-0.33497,6.1242
-6.3014,-0.055865
1.1644,5.9402
1.9396,7.3246
-4.717,0.068112
2.4063,-4.6145
2.3943,5.6243
3.5485,-4.6266
2.5054,-5.4283
4.6595,-5.5164
-5.4481,0.37047
-4.4721,-0.98539
3.6764,6.772
1.8203,7.0508
-4.8269,0.31561
2.4202,5.501
4.9002,5.8047
-4.9598,-0.88396
-0.90289,6.4455
3.1516,-4.2395
-4.7855,0.82559
-2.6639,-2.0335
3.0622,5.8646
3.91,-5.541
-6.0177,1.6315
-7.3067,-0.82937
0.6655,5.3412
3.3927,-5.4394
-7.3283,-0.82448
4.6594,-6.443
-3.0068,-1.0386
0.41488,5.4423
-0.60716,4.9361
1.2396,5.6358
-4.1654,1.7474
1.1315,4.3899
-3.8811,-0.25835
-5.2319,-0.27642
1.1768,4.4111
-4.8297,0.63021
2.7373,-4.5405
-4.5487,0.81742
-4.3268,-0.12843
2.5454,6.265
3.5122,-2.6054
3.1532,-3.6404
4.2633,-3.7121
3.4597,-3.9681
-4.5564,-0.70938
-5.2741,1.0501
1.4454,6.8392
-6.0445,-1.5907
-5.4383,-1.4442
6.2617,-7.1383
1.7223,6.2103
-5.1299,1.342
3.4692,-4.2088
5.1532,-6.5672
2.3095,6.848
3.0756,5.8444
4.6082,-6.9845
3.9924,-3.7099
4.7969,-3.8613
-0.64472,5.8762
3.9461,-4.561
5.6295,-3.957
-5.6482,-2.6016
1.9524,8.2922
-3.9342,-0.71366
1.263,6.101
-5.9063,-0.92106
4.1778,-5.3422
2.862,-5.8664
4.7641,-4.0393
-5.0628,0.32295
3.9588,-3.7004
3.4073,-4.781
3.6136,-5.2433
5.8581,-4.7554
3.7724,-3.4162
1.6019,5.2473
0.013531,6.2912
4.2339,-4.3129
2.126,6.0877
-5.3046,-1.035
3.4345,-4.7825
2.1685,-3.8986
-1.0192,6.417
-1.1329,6.8959
3.0911,-6.4525
-0.37138,5.3542
-4.064,0.54686
-4.847,-1.258
0.77374,5.6211
0.65899,6.9911
-0.82106,5.6677
-5.3082,-0.10775
2.6324,5.8087
0.76328,6.7224
-5.6012,0.15074
4.5843,-5.1701
-7.962,1.1123
1.6287,6.7006
-3.6904,-0.73906
-0.40517,7.3082
0.9385,5.8536
0.57763,6.3866
-4.636,0.28403
3.626,-4.124
2.9775,5.9545
4.4318,-3.3224
4.3638,-2.5647
5.2741,-3.9732
-5.0904,-0.51392
-5.9147,-0.18789
-4.9478,-0.35382
3.1173,-4.5284
-5.0668,0.23926
2.6807,6.2402
-7.5593,-0.40155
1.8629,5.5961
-4.2703,-1.1393
-4.4609,1.0159
3.2487,6.27
1.0121,5.8307
0.63307,5.7476
-5.7553,-0.80065
3.9905,-4.6374
-1.0569,4.5486
0.068585,6.3341
4.0202,-5.3798
1.3442,5.9161
4.3514,-6.1947
4.008,-5.2847
-4.2732,-0.907
2.5515,5.949
3.2387,5.7533
-4.5253,0.1404
0.10869,6.173
-5.9582,1.883
3.6574,-3.782
6.1907,-5.69
-5.6912,1.079
4.1981,-5.2741
-4.9927,1.0519
-5.7925,0.053637
-6.0626,-0.59832
3.5271,-4.0135
2.9127,5.9207
3.0456,6.3237
2.8923,-6.427
-4.9685,1.4585
-5.0092,0.29572
3.7535,-3.6392
-4.4175,0.47873
-5.7346,2.0861
1.937,4.0835
4.1297,-4.8727
2.1158,6.1693
1.1274,6.4454
-4.293,0.35686
3.7247,6.1652
-7.2657,0.78708
5.6679,-6.0373
-3.5682,0.11145
-3.2073,0.94398
-0.85703,5.696
1.1123,-3.6215
3.051,-4.9914
0.92666,8.055
0.65747,4.9888
3.663,-5.0714
4.9415,-4.1939
