1.8734,-7.4457
-2.4042,-4.5685
3.7511,-5.1446
3.5835,-6.4013
0.90601,-0.65784
2.5546,-3.1882
0.64147,-2.1791
3.0839,-6.8421
0.80178,-4.417
2.1087,-2.8356
0.22406,-2.3976
1.7031,-4.5546
-3.292,-5.2282
3.2988,-5.1099
1.6424,-4.1699
-5.2354,-4.6484
1.8942,-4.7511
-2.1636,-4.8753
-1.8736,-4.5286
0.98694,-2.26
2.3307,-3.4084
1.0547,-2.3621
-2.4103,-5.7412
2.4928,-3.4909
2.8705,-4.1476
-3.1569,-5.2793
1.1834,-4.2662
0.39718,-3.1165
1.0439,-2.1228
-2.7998,-4.5072
4.7176,-6.5208
3.2582,-6.3517
-0.53227,-6.234
0.52599,-3.8878
-2.5037,-5.4155
-2.8535,-5.9257
4.9314,-6.0166
3.1066,-6.8772
3.5751,-4.6753
3.1588,-3.2485
0.31336,-3.0621
-2.4234,-4.8844
2.0124,-2.4623
-2.483,-4.2661
4.1681,-5.8737
2.9874,-6.3039
-2.3744,-3.2093
0.40959,-2.2237
-1.2888,-4.6031
1.7232,-2.8604
3.9495,-6.7355
0.10721,-4.5152
-2.5527,-5.1919
1.9346,-2.3
0.59045,-3.1776
1.5905,-5.107
-3.6119,-5.0664
-2.7036,-6.5293
-2.2886,-5.8723
-2.8428,-5.8332
-3.8046,-5.2017
-3.9111,-4.1125
-5.5694,-5.1738
-1.8647,-1.1233
-3.9214,-4.7166
-3.5436,-4.8044
1.9085,-5.7179
0.18997,-2.7758
2.1562,-3.4254
2.4805,-1.6144
-0.71649,-5.2544
-2.9062,-5.3627
-4.5632,-3.1217
-2.7235,-5.1228
0.63381,-4.0927
-3.157,-4.9782
-0.076521,-2.712
-3.8659,-5.8313
1.2577,-3.8276
-3.7035,-4.1294
-2.9723,-5.4652
1.6006,-3.6481
3.2287,-5.4746
-2.6647,-4.5445
4.3663,-6.0893
2.8048,-3.8139
-0.49175,-5.3086
3.591,-6.843
-1.6426,-4.6805
2.6319,-2.2837
-4.5301,-5.7166
-3.3807,-5.2639
3.1841,-5.5879
0.88022,-2.5848
-0.12623,-4.2675
2.3495,-4.391
1.0601,-4.0889
-0.9894,-3.4456
-3.0242,-5.1731
3.1883,-5.2236
0.34829,-6.0526
-2.8963,-3.8235
-2.5868,-6.1891
-2.0305,-4.8654
4.237,-6.2836
2.5189,-4.9119
4.4017,-6.1704
-4.9875,-4.1104
-2.9166,-5.0427
3.5137,-6.1476
1.6127,-5.7017
1.6656,-2.044
4.6125,-6.2044
0.41337,-3.6829
1.9665,-4.4229
-0.42188,-3.764
2.9533,-6.3105
-0.53894,-5.0817
1.4874,-2.0409
-0.013311,-3.1734
2.8137,-6.3289
4.3601,-5.0363
-3.4367,-4.1893
2.8258,-1.8499
1.5876,-6.4849
1.4599,-2.6762
-3.2869,-5.0618
-3.8102,-4.7718
4.9892,-7.7176
-4.6571,-4.3888
1.0626,-6.2554
1.1029,-1.5973
2.8041,-5.3396
-5.3596,-4.3721
-4.3129,-4.8715
4.0888,-6.1686
2.2911,-2.6632
3.3605,-6.874
1.5847,-2.0566
-3.3002,-5.6108
-4.3411,-5.7688
3.8448,-5.8109
-3.4416,-4.2755
2.2822,-6.548
4.5135,-6.0246
0.31117,-4.3537
2.6121,-6.4688
2.2364,-0.49918
0.8965,-2.8203
-1.9806,-5.0399
-2.0325,-5.4896
-0.73101,-3.1577
1.4747,-2.9709
-4.891,-5.2981
2.2247,-5.7758
1.5376,-2.4429
2.8815,-5.9073
-1.2475,-6.0841
-3.5458,-4.3138
3.9982,-6.2812
-2.8327,-5.4839
3.5706,-5.815
0.72993,-1.9329
-3.9923,-5.3559
0.5319,-4.2352
1.4798,-2.2061
-1.2107,-5.1163
0.20602,-0.7395
-4.6674,-5.3398
-4.0224,-4.3054
0.92124,-3.7287
-2.1764,-3.2077
1.4557,-3.385
3.543,-5.3465
0.65139,-4.8464
-0.45168,-5.0406
0.31377,-0.35814
-0.24042,-2.2096
1.2382,-1.4615
0.8121,-6.6546
2.9939,-6.4035
3.5893,-6.5977
0.27668,-4.5987
1.6702,-6.6776
3.5886,-7.4516
1.6025,-8.0483
4.4653,-6.7667
2.9645,-3.1392
0.43706,-3.0432
0.26622,-4.3305
4.3705,-6.4736
2.3237,-6.4978
3.1139,-6.0808
-3.207,-3.8053
-2.5919,-4.4409
1.9164,-4.9447
2.7548,-4.4683
1.9325,-6.4749
2.3805,-3.8611
2.6522,-4.4608
-2.0598,-6.9632
-4.936,-4.4969
-1.1225,-5.2563
1.3881,-1.3178
-4.4846,-4.6177
4.4985,-5.631
0.080683,-2.7641
2.3207,-5.6445
3.8798,-5.8038
1.3082,-4.2592
2.8078,-4.9677
1.8799,-3.8091
4.2654,-5.5787
0.56522,-1.2675
-0.74743,-1.8509
0.048394,-5.4078
2.085,-4.0276
3.1864,-8.1083
3.1294,-6.6464
1.732,-4.0989
3.7541,-7.4514
1.134,-2.6245
2.3616,-4.2894
1.0282,-1.9277
3.3456,-6.362
0.99723,-3.7339
0.42395,-2.4514
1.1792,-1.7425
-2.1473,-3.6968
1.831,-6.7712
-3.9108,-3.4393
1.8392,-4.3378
2.77,-7.2274
-2.2741,-4.4295
-2.2697,-5.888
-2.1945,-5.9564
4.0052,-6.2534
1.8665,-6.3207
0.27685,-2.4187
2.9427,-6.9692
4.6502,-4.9683
-5.8641,-5.2374
-4.1711,-3.5015
3.973,-6.7341
0.82265,-1.8964
3.2825,-7.4337
-1.5116,-4.0408
1.9274,-3.2877
-0.39332,-5.4017
1.7374,-2.085
1.2983,-3.2081
-4.3971,-4.4599
3.5298,-6.052
-4.8715,-4.6402
3.4747,-5.6812
-4.1968,-4.9674
3.0243,-6.774
4.8332,-5.5089
3.314,-7.0405
1.526,-4.7242
3.6722,-6.0489
-3.324,-7.0528
4.0163,-6.2203
2.5122,-4.8276
-1.3797,-4.8218
1.5146,-6.9422
1.3449,-5.9746
4.7699,-4.8051
1.1441,-2.7956
-1.2564,-5.4032
4.7607,-5.9195
1.4709,-5.0935
3.2885,-5.0805
-3.454,-5.0453
2.6614,-5.6608
-3.2438,-6.2425
0.23321,-4.1191
3.2335,-5.513
3.2678,-6.0819
0.07547,-4.0084
0.54855,-2.3803
4.0231,-7.1396
-3.1603,-4.6793
2.5089,-6.4968
-4.6118,-5.1118
1.5263,-3.2635
3.4532,-5.9289
-2.5486,-4.8282
2.4866,-4.9216
-2.0827,-5.0392
3.9887,-6.6176
3.0984,-5.1003
4.0661,-5.4076
2.352,-5.9603
-3.6236,-4.7044
-2.3115,-4.2911
-0.055882,-3.2533
-5.5399,-4.7006
2.7891,-6.1547
1.4973,-4.7033
-1.3248,-2.0279
2.9478,-7.1235
0.86042,-4.4511
-1.9826,-5.3478
-2.2523,-4.7243
0.77017,-2.9759
-4.1282,-5.8351
1.946,-7.9231
1.5444,-6.6361
0.26204,-5.1796
2.4406,-5.2957
1.5653,-4.0461
2.7847,-5.5828
2.6805,-3.1583
2.4459,-6.2066
0.24115,-3.5352
-1.9191,-4.9419
-1.6818,-3.0959
1.4579,-2.481
0.76061,-4.0289
1.6708,-3.6231
0.33893,-2.7508
2.2458,-5.8473
-3.1087,-6.2526
0.74362,-3.4306
3.4431,-5.8506
1.5808,-2.4273
-4.1453,-6.1292
0.83885,-4.1105
2.9276,-6.6557
2.9239,-3.8788
3.6298,-5.5336
-2.6598,-3.9164
0.48161,-3.3391
-0.31234,-4.155
1.87,-5.5031
2.1896,-3.5253
-0.49455,-1.8379
-1.6313,-4.8442
2.9475,-5.1072
0.58907,-4.155
-2.2741,-4.3927
2.4333,-1.6339
3.4498,-7.2412
-3.9033,-4.9823
1.537,-5.4579
1.5953,-6.5888
4.5531,-5.3142
-1.5322,-5.2141
2.2353,-6.6188
1.7596,-5.9034
-2.5497,-4.7858
-3.7378,-5.6595
-3.574,-5.2806
-0.21886,-2.0497
2.2551,-3.8314
-0.19645,-4.7344
1.934,-4.5058
1.5681,-6.2264
-2.5838,-5.6636
-2.198,-4.6626
-2.6935,-3.127
-3.9739,-5.3632
4.1885,-5.8619
-3.0236,-5.3905
-4.4284,-4.6441
-3.2458,-5.6239
-7.0756,-4.866
-0.29116,-1.5935
3.8403,-6.3182
-2.9515,-6.5978
-3.8138,-5.3591
-4.3689,-5.3167
0.20247,-3.533
1.557,-5.8989
1.4609,-3.7053
0.49403,-2.6709
4.4251,-7.2852
-2.83,-6.5381
3.1135,-5.4415
3.1441,-5.2113
-3.8026,-5.3753
-3.5352,-4.9134
3.0432,-6.7071
0.44487,-4.0141
1.4796,-4.3087
2.5381,-6.6559
-4.0239,-5.7211
-2.4675,-4.9818
1.8366,-5.5381
2.1481,-2.5952
4.1534,-5.9341
3.8714,-5.4055
-1.7369,-4.6048
1.1086,-3.1123
-4.6901,-6.7347
-5.2207,-4.6108
1.3501,-3.2296
0.41729,-3.0407
0.98906,-3.9073
2.3463,-2.7079
1.228,-2.6828
0.87144,-1.4478
-3.919,-5.0612
2.7689,-5.9476
0.67914,-3.4513
1.5669,-0.77906
3.7178,-6.992
0.89746,-2.1681
2.6362,-1.0729
3.9783,-4.6051
0.71815,-3.3301
1.4107,-2.3353
1.5884,-4.1714
2.5387,-5.7242
3.7919,-7.7501
4.2942,-6.7005
-2.1073,-5.6071
1.4867,-6.0141
-0.83011,-3.1516
1.954,-6.7671
-1.379,-3.6125
-4.181,-5.4098
2.2493,-7.2078
3.7973,-6.1056
-2.7895,-5.3636
5.4136,-6.5161
-2.9792,-5.9876
3.2241,-4.5499
-2.8003,-5.2093
1.1115,-1.8801
0.79445,-4.5556
-3.0597,-5.081
3.2875,-5.9976
4.9999,-5.8524
1.0214,-4.4761
0.7458,-2.9927
2.3451,-4.0973
3.7101,-6.6615
-4.9791,-5.5813
2.4026,-5.4091
1.5017,-3.3514
-2.3522,-3.6821
1.5037,-4.3369
2.1158,-6.0507
-1.6423,-5.3543
1.9075,-3.1692
-3.0295,-3.9487
1.248,-1.5755
-4.0653,-4.8879
1.0608,-1.7176
-3.1577,-4.5941
2.9254,-5.3838
0.44202,-2.5796
1.1609,-0.40797
3.7768,-4.6633
-3.8065,-5.7535
-2.8763,-5.1665
0.76218,-4.841
-1.7271,-4.7256
-0.022931,-2.3972
1.6945,-2.4459
0.84509,-4.22
-3.0871,-4.8854
4.8538,-5.0139
0.52026,-4.0901
-0.76939,-6.0097
2.5637,-7.7243
3.6675,-5.2367
3.0373,-4.9206
-4.6089,-3.7477
-3.9068,-4.8542
-0.26394,-3.6701
3.2657,-6.1855
3.3359,-7.6648
-3.7523,-4.6625
0.37117,-1.4391
-1.1814,-4.388
-2.0694,-4.6348
-3.2457,-4.6966
-4.7012,-5.8205
-4.3121,-5.3188
-2.6081,-5.1173
1.9877,-2.0089
-1.1659,-5.3012
-0.79226,-2.5035
0.1839,-2.9553
2.9286,-4.4018
4.4694,-6.4004
-2.2489,-5.1347
0.58784,-2.3623
-0.0012901,-3.5087
0.84676,-2.6835
-5.2228,-5.5544
-3.7687,-6.3718
0.32969,-4.2492
2.0967,-5.0114
-4.4166,-5.0514
1.808,-4.3489
1.3447,-3.0478
1.9232,-4.2773
-1.7747,-4.7137
1.326,-4.7511
1.2504,-1.6704
1.6329,-4.2874
-0.51685,-3.1413
3.5087,-6.6762
-3.5144,-5.9494
-4.7897,-5.2997
4.855,-6.4566
0.64968,-3.7733
3.264,-6.2306
-1.8777,-4.2688
2.693,-6.0447
-2.7662,-4.6953
1.4033,-4.0898
2.9389,-4.8066
-3.6482,-5.8004
2.8925,-3.2832
-4.0772,-6.4143
4.2918,-6.6475
1.5816,-3.8916
-0.45603,-1.7944
-1.1132,-4.9005
-0.20619,-1.3137
0.97839,-3.2807
0.29248,-4.8329
2.4224,-6.5491
3.5947,-6.5552
1.5216,-4.0831
-3.2286,-4.8803
-2.5781,-4.8578
1.8863,-4.679
3.59,-6.554
2.7417,-1.908
-0.48332,-2.043
2.2427,-2.7833
2.507,-6.5522
-2.909,-4.8754
2.1674,-7.299
1.462,-0.59914
1.5608,-6.5196
3.8827,-5.7768
2.664,-7.5299
0.39195,-2.5912
-0.76649,-3.3283
-3.8806,-4.2394
2.7513,-3.316
0.56138,-3.1997
-3.6547,-4.9912
-3.9125,-4.9361
1.5663,-6.2063
1.5475,-3.1886
-1.5373,-5.9008
1.7545,-3.4849
3.1594,-5.8146
2.0363,-2.078
-4.3895,-5.0876
2.483,-7.4804
3.5704,-5.1913
0.11429,-1.7322
1.2886,-3.048
0.48036,-3.3595
-3.7503,-4.012
1.5129,-4.7669
4.0089,-6.788
3.9716,-5.8004
-0.93482,-1.9731
0.083768,-2.8376
-1.3075,-4.6415
0.35038,-2.8245
3.4921,-5.005
-4.0085,-5.9769
-2.4217,-3.2346
0.2011,-2.2795
-0.31934,-3.4452
-4.367,-5.4628
1.7703,-4.0562
3.4377,-5.8163
3.9,-7.7788
-3.1619,-4.276
1.0449,-6.1276
2.6446,-1.1069
3.6918,-7.6183
2.9924,-5.0872
-0.81963,-4.3513
-5.4361,-4.6315
-0.67623,-2.1789
1.3379,-3.7064
2.9484,-6.3946
3.3693,-2.0299
-0.39327,-4.905
-3.5079,-5.8809
-4.6251,-6.1758
-5.0169,-5.9267
1.2004,-1.8596
-0.041637,-4.2534
0.9834,-2.0759
3.3033,-3.6634
0.86949,-1.248
2.3304,-7.547
0.64451,-4.484
4.0143,-6.3444
4.7645,-8.5348
-3.5622,-4.8386
0.095324,-4.1028
3.5335,-4.411
2.8228,-4.4507
3.8632,-5.503
3.3217,-7.0053
1.5417,-4.4593
-3.9013,-6.1302
-3.9998,-5.172
1.5669,-5.6261
4.3406,-4.4234
0.88313,-1.6676
1.2708,-4.2763
0.91073,-2.008
3.0412,-5.0347
3.4727,-7.2474
1.601,-2.7155
0.49131,-3.113
-1.6728,-4.9358
-2.382,-3.8768
3.7253,-5.3921
2.4153,-2.3915
1.1271,-3.0608
3.8608,-6.9954
3.7479,-5.7478
1.9341,-3.709
-2.3452,-5.692
-3.216,-5.8038
-1.7113,-5.0269
-2.9846,-5.5323
2.7482,-5.2922
3.5307,-4.4346
3.6797,-5.269
-2.5987,-4.203
-2.5576,-4.3003
2.9815,-7.0998
-1.7744,-5.6031
-0.75507,-2.7138
0.26679,-1.8766
3.9751,-5.9953
1.3748,-2.9196
-3.7801,-4.9413
3.3915,-6.4527
-4.5631,-5.8144
1.2789,-3.2331
-3.7864,-4.8947
0.67906,-3.2948
1.8241,-6.6947
2.6261,-4.7951
0.54355,-4.0911
1.3727,-2.2977
2.3752,-5.6611
3.0345,-4.5513
-3.1724,-4.893
-0.54612,-4.2758
-3.7759,-4.7595
2.387,-5.0014
3.846,-7.4818
1.9222,-7.0068
1.9056,-5.4429
-1.7876,-5.3411
3.6528,-7.0882
-0.62986,-2.9777
-3.0265,-6.0936
-0.13275,-5.1003
0.86628,-1.621
3.7281,-5.6834
0.88662,-3.9306
-3.2639,-5.1691
0.46546,-2.7484
3.4928,-4.9696
2.6963,-6.3285
-0.88539,-3.2303
2.679,-1.8427
-0.75279,-5.141
-2.2842,-5.6747
2.1426,-4.063
-1.6477,-3.8303
4.6679,-6.2457
0.92362,-4.8997
3.2617,-5.0017
1.1987,-4.3378
-1.6066,-3.6114
2.3592,-6.2046
-3.0213,-5.3413
3.3551,-6.793
2.0415,-7.2272
2.6552,-2.2009
3.6248,-5.9155
1.9741,-3.069
3.6445,-6.8472
-1.6288,-5.5242
1.4925,-4.5441
0.14796,-2.0536
0.28359,-4.2224
1.0608,-3.7322
3.856,-5.1173
2.1189,-2.0831
2.5293,-2.4954
-3.1728,-3.6516
2.5889,-3.5821
-3.3059,-4.9487
-2.1093,-4.2708
2.0908,-6.8786
-2.4399,-4.0219
2.5658,-3.9891
1.1099,-3.7781
1.4577,-5.5168
1.9018,-5.343
-4.5419,-5.3694
1.6776,-3.6253
-0.050681,-1.4612
3.426,-5.5285
4.6411,-6.7262
1.16,-4.1066
3.1651,-6.932
0.663,-7.145
-4.965,-5.8389
0.31236,-1.5148
-4.2475,-6.0826
1.5115,-6.5372
3.4151,-6.317
1.3676,-4.6576
0.2731,-2.7105
-0.98416,-3.0864
0.96521,-6.7979
3.5931,-6.3567
1.8819,-5.1785
-1.6886,-5.4302
0.49668,-5.5933
3.7102,-4.4945
-0.045601,-2.0007
-2.5446,-4.8342
-5.2567,-4.6891
-3.2391,-4.9701
1.6836,-5.6999
-0.48488,-4.6626
-1.1975,-5.2529
1.5991,-3.4063
1.1297,-4.1342
0.76325,-2.4872
-4.2271,-4.4093
3.4255,-6.1738
-3.1451,-5.4543
2.0687,-4.346
0.94469,-4.0028
-0.40698,-2.8354
2.6413,-4.0675
1.9813,-6.2021
-5.3203,-4.8469
1.6518,-2.8248
-0.7105,-5.0603
4.5324,-4.3089
2.9957,-6.8985
2.2201,-7.0587
1.4008,-4.6597
-1.2117,-2.1628
0.48201,-4.3131
1.3105,-3.5889
-5.5635,-5.0711
2.3376,-7.2854
2.967,-3.1367
1.6365,-3.6979
2.9505,-1.8043
0.94059,-6.5875
0.32996,-3.8361
2.8737,-6.3899
0.61794,-7.6071
2.9062,-4.9461
-0.97069,-5.5528
0.50026,-3.7529
2.7631,-7.8526
2.0521,-3.3975
4.5443,-5.7356
-1.1894,-5.1907
-3.587,-5.5174
1.8711,-6.8359
2.4721,-5.9766
-3.6677,-5.0188
-3.4731,-4.5239
0.53945,-3.0856
3.0353,-4.8084
2.0206,-6.6735
0.022864,-3.158
-3.6525,-3.8089
3.9306,-5.2828
2.3459,-2.967
2.0578,-7.382
0.12112,-1.8969
0.60593,-2.9567
-3.2864,-5.2441
2.2785,-4.4483
-1.8723,-5.2886
-3.1721,-6.3165
2.3555,-6.2931
3.2754,-6.348
2.6782,-5.4769
0.75438,-3.7928
2.2609,-5.9089
4.1505,-5.8922
-1.3217,-5.4992
1.8466,-5.3069
1.1437,-4.0895
1.1914,-6.8714
-1.6384,-4.5822
-2.1972,-4.9668
0.61805,-2.22
2.7437,-5.1296
-0.16876,-3.5553
2.3235,-1.8428
2.669,-8.0197
-0.26128,-2.2858
-3.5773,-4.5393
-4.8209,-3.7893
-2.896,-4.3984
-3.2729,-5.6043
3.6812,-5.4133
3.945,-6.4518
-1.3161,-4.2392
1.1241,-3.6788
0.41796,-2.81
3.5189,-5.7145
0.52771,-3.1049
3.2961,-4.7442
-4.4972,-4.5975
2.4502,-7.7302
2.5301,-7.4996
2.4281,-7.9771
0.60942,-2.3186
-5.4057,-5.6932
0.94855,-2.4883
-2.8131,-4.793
1.0363,-4.215
3.8557,-5.1259
-4.516,-5.5801
-3.6336,-6.4353
2.8679,-6.0525
1.5485,-5.4406
2.9439,-6.3458
-2.525,-4.0406
3.6851,-6.5901
0.29102,-2.5755
0.96051,-2.6531
-6.5651,-4.5604
-0.13471,-3.2658
-3.3219,-4.2093
2.5587,-5.6001
4.3681,-5.3376
3.2067,-6.965
3.5631,-6.3693
0.78802,-2.9649
1.7085,-2.2428
1.7544,-0.47891
0.76617,-7.7912
1.5027,-3.2231
4.2289,-4.1065
3.079,-5.9687
0.18332,-2.2172
0.98473,-4.5078
1.828,-5.3314
1.7588,-5.5331
1.2658,-6.7376
-3.9646,-5.2495
4.1334,-4.7371
3.7319,-5.5146
-3.0148,-4.6303
1.2108,-5.1899
-2.2417,-4.9569
3.4309,-7.4097
-5.5816,-5.4855
2.7725,-5.3709
6.2548,-6.8476
-1.7407,-3.6928
-1.8593,-5.2666
0.42919,-2.3578
1.9609,-2.5388
2.167,-5.9351
1.8061,-5.9288
-4.3644,-4.5581
2.9171,-5.3991
1.6283,-6.0402
4.6918,-6.3042
-3.9063,-4.9072
-5.4456,-4.0004
3.6996,-7.432
4.6588,-8.4136
-3.1204,-4.7172
1.3853,-6.4057
-2.297,-4.2768
0.40807,-1.979
-1.8894,-4.2126
3.4332,-6.8356
-4.0011,-4.1294
0.040993,-3.6369
0.64321,-1.6271
1.3963,-2.383
1.0632,-2.6976
-4.6638,-4.0022
4.1,-5.1917
-0.040056,-2.1926
1.2645,-2.9055
3.3084,-4.877
-1.2794,-5.2283
0.79305,-4.6154
-3.429,-4.4384
-4.6847,-4.0476
-1.5605,-3.975
2.6586,-2.5487
-3.0641,-4.5329
3.3349,-2.926
2.8559,-7.1572
3.1474,-3.9837
-4.0425,-5.3238
3.2522,-4.1632
-0.35535,-4.7376
3.805,-5.5877
-1.7318,-3.4609
1.2256,-3.0639
-0.61748,-5.037
2.329,-2.7249
-1.9139,-4.609
-3.0776,-4.6098
1.6349,-2.9292
1.9345,-5.446
2.0985,-2.5258
3.5095,-8.3136
-3.8245,-3.9041
1.8313,-3.102
-4.2916,-6.808
2.627,-6.607
-2.5518,-5.2074
2.3872,-4.6008
-0.42272,-5.4944
-2.0275,-5.8356
-3.7564,-4.9196
2.0599,-7.0588
0.99991,-3.618
-0.043814,-3.3773
1.4568,-1.8063
2.2749,-5.635
2.4225,-3.8928
1.5882,-2.9416
1.7317,-2.6503
2.8526,-7.7648
3.0389,-5.6842
1.7296,-4.9853
2.436,-5.8114
1.7786,-3.6673
1.4617,-3.0566
-4.1153,-4.9827
-0.53699,-1.8793
2.7862,-7.3292
0.92007,-4.5301
3.4638,-7.6034
1.2683,-2.3262
3.3231,-6.9263
2.9666,-5.9187
-4.5505,-5.7679
-1.6713,-6.7363
-4.6196,-6.2644
3.4893,-7.4055
0.75172,-2.5191
1.2133,-3.5121
1.2537,-4.5328
1.6088,-0.77461
-3.8501,-4.5672
0.59667,-2.6243
-4.3964,-4.9994
0.15776,-2.9956
2.0806,-5.4407
-1.6705,-4.3938
2.204,-6.6719
-2.7618,-4.8743
0.76841,-2.0572
4.2547,-7.0381
-2.1789,-4.8804
2.1234,-3.7505
-3.5522,-5.4861
-5.7288,-3.8391
-1.4655,-4.8659
1.2759,-7.7469
-0.36077,-6.2035
-5.062,-4.9023
-3.7765,-5.7394
0.13156,-1.6521
0.2298,-1.7398
-2.5752,-5.1085
1.598,-1.7229
4.724,-6.9541
0.11333,-2.8604
3.2977,-6.2697
1.267,-5.5568
0.91412,-3.251
1.6756,-1.5114
2.9045,-7.2075
3.4316,-2.7977
3.9229,-5.1785
1.0853,-2.5992
-2.8823,-5.3676
-3.4802,-5.6224
3.972,-4.3007
-4.7949,-5.383
2.8096,-6.1808
3.5263,-4.3887
-3.6493,-3.8257
1.0824,-8.0012
-0.18359,-3.7693
-3.3465,-4.9096
1.9922,-4.4307
-4.0908,-5.5265
1.9913,-3.0126
2.823,-6.8664
3.059,-1.6968
3.0022,-4.8907
-0.72528,-2.8102
-3.8416,-4.5415
2.4581,-7.197
3.611,-7.2294
-5.3734,-5.7147
-3.6903,-4.8082
1.7987,-3.3594
-4.0443,-5.2793
3.2699,-5.1331
2.9706,-7.6233
3.9872,-6.2742
1.1434,-2.1361
-1.8013,-4.0159
0.81626,-4.1283
-3.4624,-4.7779
-2.0624,-5.022
1.3993,-1.0984
-2.076,-5.7989
0.50805,-2.7027
2.4312,-2.8826
0.90386,-2.2915
-3.8796,-4.3902
4.5198,-7.8087
3.2989,-5.4615
-1.9226,-4.8542
-2.607,-4.9914
3.2285,-5.0069
1.7254,-3.9271
3.3532,-5.5602
-3.2931,-3.4394
-4.4453,-4.3082
1.4369,-1.9264
2.8707,-6.2199
2.746,-1.4264
0.097143,-4.4966
1.9658,-2.5158
0.02959,-3.7689
3.6454,-6.0776
3.0721,-5.9221
3.8394,-6.1657
2.4,-4.5363
-0.85666,-3.5656
1.9334,-2.1257
0.63814,-2.9994
3.0115,-6.9125
1.3083,-2.4296
0.9437,-3.7787
1.8678,-3.7623
1.6355,-1.8642
2.1544,-6.8823
0.43041,-7.4329
-1.8597,-5.3585
2.734,-2.3189
0.38394,-2.8813
-5.9765,-4.5478
2.2839,-6.0882
2.6043,-6.8783
-3.2926,-5.7521
-0.71316,-3.1747
-2.2372,-4.5389
-4.4937,-4.68
0.90687,-1.3229
-2.9438,-5.3558
-0.86396,-2.0447
0.47064,-2.7394
3.1099,-3.6487
4.9314,-3.6883
-0.31588,-4.6512
4.2395,-6.7082
1.2744,-4.1787
3.0803,-6.2262
0.65964,-3.1229
3.7009,-6.6074
0.99323,-4.2585
-0.76515,-6.9684
-3.3278,-4.8638
1.5945,-4.8531
-4.0433,-4.6368
3.5388,-5.9983
-2.7733,-5.445
2.6944,-4.0243
0.89726,-3.1766
1.8849,-0.41064
4.1352,-5.4134
1.7984,-4.3202
-3.1228,-5.5461
-0.62059,-4.4026
4.8694,-4.7293
0.10139,-3.9851
-0.54652,-4.507
0.59396,-4.1895
1.2164,-3.3177
3.4051,-5.5452
1.7562,-4.3138
2.8349,-7.2708
1.6217,-2.9235
-0.73173,-3.1279
-3.4137,-5.5155
3.8612,-8.013
1.8725,-5.5473
-0.28571,-4.041
0.95968,-3.0105
-2.3488,-5.027
0.67899,-2.0395
1.9856,-3.1726
3.1165,-2.6002
3.073,-5.6538
3.5023,-6.2112
-3.0748,-4.3071
3.8487,-4.3305
-1.5931,-2.8598
-2.1817,-5.3137
4.7714,-7.5564
2.327,-5.1986
2.0176,-4.5973
-0.589,-2.1352
-0.94489,-1.5228
3.6548,-5.6845
1.3227,-3.41
0.82395,-3.2145
-0.083809,-4.6859
0.63196,-3.9124
1.877,-3.7634
0.23504,-2.4737
-2.259,-5.208
0.63291,-4.7954
3.3173,-5.5383
-2.6402,-5.7359
-0.30337,-3.2428
-2.411,-5.3861
-1.0086,-5.1661
2.4585,-6.7656
-1.4173,-5.9924
1.1587,-4.6508
3.7698,-5.7194
-3.9871,-4.7667
-0.44185,-1.9118
4.2399,-6.4957
2.7736,-7.2624
-4.4146,-4.5307
2.9717,-5.6324
1.2738,-3.3659
0.3706,-2.1694
3.5897,-5.2812
4.0933,-6.4159
3.068,-0.69258
1.7634,-2.9398
3.0355,-6.2836
0.80773,-5.4923
-3.7472,-5.0174
1.9441,-3.9186
1.1253,-3.3446
-0.77249,-3.2124
0.33935,-2.9491
1.7991,-4.1685
2.1396,-3.2681
2.3618,-5.6414
-2.9,-6.3718
1.1739,-3.5994
2.2756,-3.5383
1.4206,-3.5872
1.7253,-2.8429
1.5998,-2.4248
-3.02,-5.5866
0.32054,-2.2994
2.8207,-3.3473
1.1663,-2.4827
0.71718,-2.1042
-2.7571,-6.6762
-2.7944,-5.0525
0.57219,-3.5815
-4.8818,-5.8104
-3.9065,-4.7994
1.9843,-6.9071
3.5954,-6.5622
2.4988,-3.0586
-0.98013,-4.2754
-3.7069,-5.3104
-0.6361,-1.9565
-2.7648,-5.116
3.8727,-5.0822
-3.2344,-5.5077
2.1653,-6.3245
0.084429,-4.9743
-0.010751,-4.1435
2.617,-0.54603
0.92835,-2.8198
3.2733,-5.5032
-0.95153,-3.8259
-0.53607,-4.4054
-2.1841,-5.4296
3.151,-5.0883
2.7682,-4.5879
-1.3417,-6.0989
5.167,-5.3315
2.4579,-6.7221
-1.6901,-5.5735
-2.3132,-4.925
2.81,-6.3112
1.0318,-1.4148
4.4417,-4.4957
2.157,-6.9836
-2.4828,-5.2735
4.2786,-9.0326
2.7948,-3.6757
-0.72089,-5.3177
-2.3055,-5.5009
2.5916,-2.1414
-3.4769,-5.2499
4.1735,-6.2111
0.44126,-5.5845
-3.9,-5.7528
-4.6157,-6.1158
0.29847,-4.1596
-3.6926,-4.5076
-3.3461,-4.8962
0.89713,-2.6685
-3.2135,-5.0543
0.96785,-1.6399
-4.5875,-5.4816
3.3561,-7.9294
-3.4905,-4.576
1.121,-4.6795
2.3184,-5.616
-4.4759,-5.4846
-1.9246,-4.4209
2.0655,-3.803
-4.0202,-4.9283
3.6965,-7.2821
1.8973,-3.2696
0.21202,-3.3385
0.70753,-2.6314
-1.2539,-5.0619
-4.2278,-4.9594
1.5198,-2.3033
-1.8352,-4.1819
2.8197,-6.7334
0.45822,-3.8316
2.9586,-6.9338
3.0758,-6.5732
2.0829,-3.8856
1.0662,-4.118
0.50877,-2.2571
0.95521,-6.0872
2.099,-3.2058
-0.057628,-2.2918
1.4705,-2.761
2.5098,-4.13
4.9684,-5.2245
2.5704,-6.2585
-2.9,-5.1932
1.6204,-5.6025
1.8651,-5.9026
-2.6571,-3.7471
-2.4193,-3.9204
1.9832,-5.2167
-2.2444,-6.4807
-3.381,-3.3491
1.1697,-2.8055
1.0205,-2.6038
1.4702,-4.4303
3.9428,-5.7359
-2.8483,-5.6789
1.628,-1.4783
-2.8043,-5.7153
3.1809,-7.4698
-2.5339,-4.869
1.0217,-6.4856
4.0726,-6.2227
-4.2651,-5.592
2.7077,-5.5831
1.7637,-4.9123
-3.7924,-4.3133
-1.1564,-3.9046
-3.6482,-4.9661
-3.0088,-6.4975
-4.6971,-4.9982
0.24162,-3.4735
-4.3169,-4.5272
-1.8321,-4.7054
2.8967,-3.6886
2.9738,-6.3121
1.9173,-6.0462
2.0517,-6.1475
1.9098,-3.674
1.7452,-6.8621
0.59622,-1.9639
1.2501,-2.2506
3.9575,-6.5512
1.1813,-1.971
-1.5992,-5.8832
-1.5761,-3.8989
-3.0174,-4.7807
4.0941,-5.0842
3.2708,-6.5126
2.8267,-5.4818
-1.4481,-5.2652
2.308,-5.8235
1.4695,-6.5732
4.3399,-6.2306
-0.23327,-2.36
3.2811,-6.774
0.99696,-3.7532
2.1442,-5.5369
-0.26541,-2.9552
3.0898,-5.1665
-1.7758,-6.3552
1.9854,-4.9676
3.1787,-4.7024
3.453,-5.8109
2.2501,-5.5274
-5.0834,-5.5739
-1.2252,-4.0932
2.5505,-6.0045
-2.5429,-4.5529
2.566,-1.8195
-4.0087,-3.7738
-1.475,-4.8207
-1.0658,-4.0127
0.48473,-1.6425
2.204,-3.5279
0.80955,-2.5938
0.70171,-2.5476
-0.018906,-3.5059
-3.9424,-4.0919
0.87033,-5.3571
1.9408,-3.3661
-4.1347,-5.3744
-3.6292,-6.1131
3.194,-7.0773
-3.5083,-5.7842
2.2841,-6.4771
2.4374,-7.2196
3.5561,-3.7794
1.3719,-3.0682
-3.2754,-6.9223
5.535,-6.3568
1.2377,-3.5582
-2.6783,-4.0537
0.85684,-2.7177
-5.3269,-4.4861
4.8018,-5.9026
1.825,-2.0186
2.6574,-5.3165
0.44573,-4.0505
-2.9791,-4.6574
-0.49295,-3.3421
3.0217,-8.374
3.4915,-4.9681
3.1946,-3.9137
-4.1931,-5.3764
3.6877,-1.8461
1.0968,-0.90633
2.1892,-4.1193
2.2753,-6.1036
0.65904,-1.9182
0.63423,-2.9479
-1.4027,-4.6755
1.7244,-6.2752
1.7247,-3.2355
-4.7039,-5.2057
3.7176,-3.8104
1.5517,-5.4282
2.9982,-6.2887
3.3667,-7.1131
-3.7764,-5.7567
-3.1693,-5.6251
2.3577,-5.594
2.6085,-6.4024
1.1206,-6.6961
2.8912,-6.9686
4.0519,-5.7657
4.6686,-5.4056
2.6991,-4.4608
-4.2324,-4.1997
-2.9059,-5.7483
0.62486,-2.9717
-3.42,-4.9224
0.046084,-3.4965
-1.2979,-6.3484
0.39855,-2.765
0.39449,-5.1532
4.0424,-7.0249
2.0363,-5.5922
4.4864,-4.9784
1.6453,-3.0595
3.3353,-5.4915
4.0931,-7.8631
1.3595,-6.9996
1.8624,-2.8141
2.3763,-3.3036
0.086992,-2.4557
2.2943,-6.7005
-3.9664,-3.5676
-3.7734,-4.5945
-4.652,-4.8118
1.2714,-4.2125
2.9885,-7.9385
-4.8914,-4.363
2.4235,-6.1429
5.1928,-5.4118
-4.5488,-4.985
1.1686,-3.0918
1.2309,-6.314
0.58415,-1.661
1.9885,-5.5662
-1.0324,-2.098
-4.5866,-5.5216
0.93219,-3.3857
2.651,-1.8692
0.65653,-3.9494
-3.8522,-6.6938
0.67574,-2.4054
2.4752,-6.7164
3.1729,-6.7702
0.03855,-3.2001
3.7667,-6.4049
-2.2115,-6.2478
0.38301,-2.3053
-2.8404,-5.3189
-0.85567,-5.5595
2.7596,-5.7903
2.1396,-7.7524
5.2056,-5.9535
-2.4471,-5.3382
2.0781,-4.072
-0.99372,-4.3197
2.0089,-2.9921
0.10289,-5.6488
1.5409,-2.4531
0.1913,-4.7792
-5.1216,-4.9312
1.7455,-2.0798
0.95663,-3.3274
5.1735,-6.8666
-5.3165,-5.4502
1.7914,-6.0992
0.67229,-3.1458
0.087592,-3.9868
4.0777,-7.748
0.34671,-3.5585
-3.7848,-4.7056
3.6072,-5.0026
1.3797,-3.6174
2.5983,-5.9612
1.2074,-4.4754
1.2214,-2.2665
1.8403,-2.4456
3.224,-2.585
-2.7152,-4.7138
2.221,-5.6038
-4.9814,-5.2442
1.5504,-4.8356
1.4506,-6.784
-0.2318,-2.2336
1.2082,-2.2763
-4.7917,-4.7706
1.5179,-2.3608
3.5445,-5.5124
-0.98464,-4.8534
-2.2276,-4.3175
-3.9397,-4.6336
0.35332,-3.212
-0.6618,-4.3176
-3.2849,-4.2955
-4.3468,-4.6244
-3.9954,-5.656
1.099,-2.0434
-4.5973,-5.2418
1.3874,-2.1165
1.4414,-2.2727
-1.476,-5.3282
-2.7032,-5.5815
2.2417,-5.1396
0.20016,-2.1946
-1.425,-4.9829
3.7511,-6.8643
2.2812,-5.4733
-2.0217,-4.7571
-0.14428,-2.5472
-3.5573,-5.4927
-4.3509,-3.6281
1.5285,-0.9437
-2.8956,-5.4865
-5.9237,-6.1663
0.89297,-3.8688
-4.2,-6.4554
-0.68484,-2.398
2.7406,-4.7598
4.2845,-4.9849
2.7628,-1.7537
-3.8362,-5.2297
-3.3154,-4.3787
-6.3314,-5.8519
-4.1097,-4.3509
1.4588,-3.6524
-1.4638,-5.5085
3.8387,-6.3174
3.0613,-4.2414
3.2863,-7.462
-1.2413,-5.4596
2.4654,-2.865
1.0749,-2.4549
-3.8376,-4.8922
-3.5679,-4.8694
-3.2712,-5.895
1.7239,-2.7342
0.46694,-2.3246
-0.24282,-0.51193
-0.49052,-4.1946
1.1511,-1.6501
3.4214,-6.6995
0.76051,-2.0674
-4.7784,-4.7824
1.3057,-2.5492
0.26497,-2.6539
0.18098,-6.1528
-0.47768,-5.3312
0.93165,-2.765
-0.97741,-2.7387
-0.93723,-4.1135
-2.2704,-5.3952
-0.93191,-4.4836
3.2621,-6.5025
-0.97503,-5.8158
0.91908,-4.9198
1.3332,-3.3215
-3.5873,-3.6817
-4.1424,-5.137
0.3297,-3.2999
1.4996,-4.0231
0.54861,-3.4794
1.7487,-2.6471
3.3597,-6.3418
-3.0561,-6.4901
2.4893,-6.3886
2.7557,-3.3696
2.7983,-6.0128
1.3931,-3.2576
1.6769,-4.1922
0.60577,-2.9472
1.9828,-5.2321
-2.3361,-4.9315
-0.41541,-2.2294
-3.6131,-5.8235
3.5058,-5.1177
-1.2821,-4.3674
1.7536,-1.3012
-1.4243,-5.3962
0.93651,-2.2846
2.3931,-7.3274
-3.783,-4.6385
1.0393,-1.8926
0.41905,-1.9682
3.6759,-6.9052
-1.3731,-5.2031
1.6334,-2.4134
-5.4859,-5.4431
2.7931,-2.8874
1.9769,-2.5384
-1.3908,-4.7822
-2.7017,-5.022
-1.3477,-2.0565
1.7025,-3.5304
0.66939,-3.3897
-4.1876,-4.3642
2.0002,-3.3172
0.61231,-4.2334
-2.1796,-5.3184
-1.7686,-4.1908
1.2813,-3.1046
-0.72754,-1.6726
-2.1513,-5.6048
1.2265,-4.0703
2.4447,-7.2395
-0.50332,-2.2463
-2.5388,-1.8122
3.4432,-7.8377
1.4383,-3.6823
0.51054,-2.0757
-0.085128,-2.1642
1.6705,-5.5194
-3.1159,-5.2635
2.3589,-7.1997
3.9876,-6.8491
2.7334,-4.2602
-3.059,-4.0028
3.4127,-6.5064
2.1155,-7.1999
-0.78522,-3.397
1.6563,-2.7939
2.6465,-5.1564
3.1116,-6.6516
2.3162,-3.1851
-0.94846,-4.1847
-1.8834,-5.4081
0.65477,-3.9299
0.58642,-5.998
-2.361,-5.6581
1.8515,-5.6106
-2.7179,-5.9324
3.5078,-7.0033
2.0655,-7.2191
0.64111,-3.915
0.3266,-2.4854
-4.3405,-4.7013
-5.1339,-4.517
1.7328,-3.1873
2.4073,-6.5784
-2.3257,-3.0879
0.33293,-2.9964
2.1026,-3.0582
-2.9956,-5.1586
-2.4329,-5.9188
1.7303,-6.6904
-6.2406,-5.5368
-3.5134,-5.1913
-1.1072,-5.5756
2.1269,-4.0144
-2.2842,-5.2348
3.0609,-7.0464
3.9069,-5.4052
0.65942,-2.5642
0.41011,-3.4744
-4.2488,-4.7034
3.3099,-5.5069
4.5108,-6.9864
2.5819,-5.1624
0.38278,-2.3029
-3.0774,-3.8863
3.4973,-6.0353
-3.5917,-5.8082
2.4508,-2.039
1.3933,-2.0356
-3.4968,-5.7607
-2.0015,-4.7984
3.714,-6.5099
2.9809,-5.008
-2.5937,-4.915
1.2188,-4.8006
2.0929,-5.194
-2.5396,-5.5399
-1.2272,-2.489
3.8656,-7.1882
-3.0854,-4.2174
4.7054,-8.4309
-5.6511,-4.925
0.034238,-3.8514
-2.4752,-5.3733
1.9048,-3.9555
3.7711,-5.0412
0.28007,-2.5049
-3.4432,-3.5738
2.2188,-5.4001
-5.5761,-5.5361
0.088086,-1.6357
2.9479,-4.8795
2.6674,-6.5461
1.4364,-5.3226
1.1042,-2.8456
-1.206,-5.4252
0.72388,-3.1502
3.0939,-5.1644
1.6503,-5.5798
1.6891,-5.9338
-1.6747,-6.3374
2.7458,-5.2098
0.85542,-3.3301
-1.6038,-3.0276
1.7751,-1.0824
2.0282,-2.55
-1.5496,-4.7737
-3.7642,-5.4777
-0.33736,-1.0079
0.79326,-3.6082
-1.8452,-5.4927
1.9288,-5.0093
3.9556,-5.2501
-0.57638,-5.6491
2.9331,-5.8225
4.6845,-7.42
-1.8248,-5.0161
2.3368,-5.5703
2.9421,-5.5263
-4.5584,-6.1037
-5.6288,-5.0605
0.59098,-1.9219
1.8495,-3.9769
-1.9647,-5.1492
-2.2355,-4.7184
1.5647,-4.1608
3.8394,-5.5495
-4.3183,-4.5757
-0.15284,-2.817
3.0375,-4.6666
2.5546,-6.4751
-0.5225,-4.5613
2.0532,-1.9879
-3.1932,-3.6375
-3.8917,-4.964
-2.193,-5.306
-4.2349,-4.9274
1.1158,-4.0946
-0.36701,-2.9912
2.2469,-6.0555
1.6434,-2.2974
1.3006,-2.6085
5.4587,-4.8648
2.4882,-2.2537
-4.8904,-4.6853
1.0739,-2.1102
-3.3345,-5.8804
0.98949,-2.1335
3.7513,-5.0376
1.2824,-2.1471
-4.8711,-4.4129
2.6101,-5.3871
2.7346,-4.4406
0.61595,-2.5581
-1.9584,-5.1719
-2.3769,-4.6483
3.2089,-6.01
-0.83352,-4.5093
1.5384,-6.6924
-2.5565,-5.3366
1.2142,-2.9422
-2.5858,-5.1543
-4.9762,-4.2656
1.8679,-6.028
1.8443,-3.4134
-5.1776,-4.3391
-3.9864,-4.9134
1.9982,-6.7244
1.7,-2.1929
1.9236,-2.0198
3.1677,-5.5728
-2.925,-4.6422
-4.4365,-5.7836
3.9336,-7.3591
-3.2367,-4.142
-0.66485,-1.9564
0.38882,-5.0382
2.0201,-3.6094
4.1153,-4.4512
-0.46347,-3.0575
-0.037905,-3.2055
-3.1089,-3.7902
3.8427,-4.6368
2.9379,-5.7299
1.7188,-6.1116
-4.5039,-3.8324
2.0363,-6.3234
-1.81,-5.7382
-2.0996,-4.2635
4.5875,-3.7011
0.75651,-2.5027
-3.026,-4.5905
1.9575,-5.6712
-1.6188,-5.2197
-2.2974,-5.868
0.71751,-2.0243
2.9084,-7.3437
-0.20833,-3.2765
5.4252,-4.5964
-0.69079,-4.0623
0.31377,-3.5651
-3.4283,-3.7016
0.82641,-4.9971
-3.7696,-4.9736
2.3964,-3.0411
-1.3185,-6.3322
1.7548,-8.2141
2.5254,-7.7741
-4.9026,-5.1069
2.422,-6.0993
-1.309,-4.5801
2.0823,-3.8354
-1.3927,-4.3642
4.9333,-6.5798
0.71302,-2.7413
2.0602,-2.6757
2.7194,-6.7568
-1.2594,-4.2888
2.7606,-4.6318
2.9642,-7.3336
1.6149,-5.4494
-5.2855,-3.9216
-1.023,-4.7114
-3.0423,-5.76
-2.3089,-4.2715
-2.0058,-5.7257
1.9993,-3.3601
-5.993,-4.8387
-0.76367,-2.6221
1.6807,-6.5565
0.96067,-3.371
-3.9914,-5.6249
0.738,-1.6727
-1.4617,-4.9066
4.5425,-6.0567
2.5109,-5.1731
1.3851,-4.9879
0.16778,-1.5995
-4.3605,-4.7769
-0.30006,-3.8866
1.2869,-4.2848
1.523,-3.5934
-2.3241,-4.3976
-3.4256,-6.666
-2.6343,-3.9894
-3.7264,-5.1936
0.25721,-2.6917
5.1177,-6.8624
0.96703,-1.1369
0.33586,-2.165
3.7682,-6.036
4.2483,-7.6093
4.6454,-5.7615
3.015,-5.6365
-0.98644,-3.5477
2.7084,-2.2378
1.0754,-1.7669
3.1893,-6.4335
1.3229,-4.6672
-5.3732,-4.1238
-1.6004,-7.4073
3.1944,-4.8554
3.4444,-4.4582
1.8042,-7.0232
3.5929,-5.7391
1.9476,-5.4561
-3.4536,-5.0208
0.49045,-6.5871
3.6919,-7.59
-0.41575,-2.2071
2.2228,-5.3183
-4.482,-6.3988
-0.36465,-1.8303
1.8437,-3.217
1.9077,-7.1494
1.3023,-3.5762
2.246,-3.5226
-3.1863,-4.132
-2.9631,-5.5155
-3.0903,-5.7067
-3.6398,-3.9849
0.34778,-6.132
-2.4729,-5.2538
-5.3996,-5.3472
-4.462,-5.3362
1.3831,-2.555
-1.7439,-6.7555
0.96346,-6.4984
2.1246,-6.5009
-3.3449,-5.7032
-1.026,-5.2124
2.792,-6.6936
1.6289,-7.7962
2.8563,-6.8013
-5.0929,-4.1348
1.2962,-3.2523
1.6624,-0.5825
1.6202,-3.6624
2.7244,-6.6923
1.8886,-6.156
3.5243,-6.9864
0.62734,-2.8588
2.8465,-8.5009
3.3183,-4.8965
0.68168,-4.6537
0.66889,-2.6578
-2.7233,-3.9858
1.5963,-1.1497
1.7548,-3.2324
1.1921,-5.6517
-3.0258,-5.6539
3.6167,-7.5433
2.9147,-6.1636
1.9787,-3.5331
2.0412,-6.8629
2.7743,-6.1483
-4.3314,-4.6397
-2.557,-4.5744
2.0481,-4.5512
2.6104,-5.3836
0.85168,-3.3167
-3.9014,-4.4021
-0.49031,-3.1987
-5.3965,-5.781
-3.458,-4.7721
-3.7313,-5.203
-1.7515,-4.1358
3.0264,-5.4408
1.4303,-3.119
3.1519,-6.6514
2.1657,-2.192
3.582,-6.3845
0.44508,-3.8167
-2.711,-5.1762
-2.1777,-5.6296
1.2065,-3.0786
3.98,-5.5085
0.28887,-4.2578
-4.4883,-4.76
3.934,-6.5572
0.30456,-2.9398
-3.8287,-5.0578
2.9576,-5.362
-0.10381,-4.3336
-3.3323,-5.5728
2.5783,-6.0968
-3.4699,-5.2406
-1.6949,-4.3485
0.33404,-2.443
-3.4755,-5.3438
-4.19,-4.4437
1.5376,-4.2388
1.9457,-2.7191
-2.4334,-4.7603
-1.53,-5.1704
0.62805,-5.4948
4.7011,-5.8718
1.7024,-6.2532
2.5972,-7.0508
1.0675,-4.5955
2.8165,-5.3613
2.7048,-7.5281
1.4429,0.14953
0.29053,-4.3245
1.4251,-3.8581
-3.6122,-4.7723
-1.3067,-2.0562
3.0264,-4.3607
1.962,-2.1863
3.7508,-4.0977
-4.0351,-5.2642
0.42169,-5.7737
-3.789,-5.6475
4.8934,-6.0768
3.4924,-7.0353
4.2605,-6.2533
3.749,-6.1005
1.9849,-6.3001
3.5391,-4.7656
-2.6857,-4.9576
-3.9363,-5.1211
0.23613,-0.86559
4.1577,-4.8921
2.2997,-4.7066
2.4736,-6.0905
2.8084,-6.3033
2.1443,-7.0009
0.54107,-2.5809
3.7525,-6.4263
0.62647,-2.7536
-2.5332,-5.4369
0.21664,-2.3863
-3.1851,-4.7879
4.253,-8.1497
0.78341,-2.8499
0.55269,-3.9988
1.9743,-2.4212
1.1938,-4.6155
3.7537,-7.6056
2.0615,-6.6817
-2.5012,-5.2708
3.58,-8.2065
2.7721,-5.5207
-4.7876,-5.2202
1.196,-3.821
1.2008,-1.8938
2.8332,-5.6808
3.6254,-7.1868
1.5764,-2.4337
0.27278,-3.1117
-0.31791,-3.2278
0.57551,-2.4979
1.4447,-2.8146
-0.73818,-1.8336
1.8057,-5.6752
-3.223,-4.3637
1.2139,-3.995
2.8545,-6.9128
-2.2698,-5.743
1.3179,-7.6298
-0.90289,-2.5064
0.95184,-4.1164
2.6225,-6.6676
-1.0235,-5.4562
0.56466,-2.4668
-4.0642,-5.5497
2.6512,-6.1272
0.0012516,-2.3941
3.8835,-6.7359
2.4203,-7.2366
-3.8267,-5.3059
1.9408,-4.3955
-1.4791,-4.4615
0.72389,-3.843
1.2482,-3.0789
1.6788,-3.564
4.0612,-6.7333
-1.7778,-4.2961
0.24082,-1.6475
1.1489,-2.9969
1.0012,-5.0998
1.3536,-2.9283
1.5151,-7.2258
4.9894,-4.5206
2.8976,-4.4965
3.6444,-5.5606
-5.4977,-5.9367
-1.24,-5.1514
-3.3338,-4.8498
-3.6468,-5.7306
-2.4352,-4.9854
-3.8772,-5.3593
-2.9134,-5.7756
-2.7055,-4.3555
1.3087,-4.8139
2.026,-4.1645
0.86755,-2.9504
-3.8772,-4.346
-0.63369,-3.8465
-3.1766,-4.7523
1.1406,-4.5024
-1.9996,-5.4322
3.7757,-4.8843
3.4915,-6.7457
-2.6098,-4.181
-3.2435,-5.1268
2.6704,-5.4575
3.5312,-6.8364
2.0586,-5.5048
4.2534,-6.5872
0.37393,-1.7813
1.5179,-5.9882
2.5457,-6.6512
-1.2314,-4.0525
3.6442,-6.624
2.5119,-3.1244
0.25366,-4.8807
2.5736,-6.1831
2.6432,-5.3996
-2.1052,-5.0139
1.9724,-3.8934
1.2101,-3.3039
4.1847,-5.1993
2.7245,-4.313
2.8964,-7.8783
1.6554,-6.1304
-0.32292,-6.6926
3.8155,-6.6083
0.22806,-2.9554
2.792,-6.515
-4.0178,-5.3523
-4.0499,-5.5162
4.3747,-4.8967
4.0098,-5.6897
-4.4888,-5.7804
0.78387,-3.8853
4.2838,-4.1754
-4.3012,-4.8519
-4.6771,-5.5543
3.2091,-6.5154
3.1045,-6.2446
-4.6256,-5.6179
-1.8885,-6.3829
3.5574,-5.9826
3.1113,-5.6926
0.067759,-4.0213
1.2838,-3.1315
2.6234,-6.6357
-1.1346,-5.1953
2.915,-7.6474
-3.4493,-4.7463
-3.3266,-4.1131
0.43978,-4.5711
2.2118,-3.7828
1.7007,-4.0898
-2.7044,-6.482
-2.3037,-4.8536
0.32295,-2.9125
1.7927,-1.9646
-2.1153,-5.5192
1.6532,-3.3917
-3.2473,-5.43
-0.9368,-2.3218
2.5885,-5.0338
4.0166,-5.7337
-5.3848,-4.6213
1.0829,-3.8263
-6.7338,-4.7786
2.8155,-7.1936
1.0079,-1.9341
5.3172,-7.5462
1.8615,-1.9539
0.035896,-4.3457
0.96872,0.058432
3.3829,-6.1694
1.2196,-7.7469
-2.0151,-5.6292
4.227,-4.95
3.8433,-5.5325
3.9524,-5.8344
-3.8615,-5.6997
-5.0859,-5.445
-2.688,-5.8831
-0.57169,-2.8034
-3.2295,-5.1446
-4.6306,-5.7887
2.6635,-6.2575
0.51181,-3.7382
1.1628,-2.6408
4.311,-6.7242
3.7669,-7.4885
-4.9894,-4.8549
-0.30466,-3.2407
-1.0936,-5.191
3.7105,-5.3664
-3.8324,-4.1864
-0.12971,-4.1832
3.7294,-4.6952
0.70355,-2.1934
0.86792,-3.3583
3.0143,-5.3058
1.03,-3.0018
0.88496,-1.9701
2.5235,-4.9751
2.3831,-3.5584
-2.1433,-4.9097
1.0853,-1.7688
3.6289,-7.21
2.4869,-3.2488
3.4712,-5.2559
3.8195,-5.2168
1.3518,-2.7695
3.6065,-7.3028
-2.0228,-4.6417
2.8279,-4.9559
-2.881,-3.982
0.83252,-2.6547
2.5628,-7.1019
0.0028819,-3.5145
4.3997,-6.0522
2.4628,-2.3485
-3.3032,-3.609
1.9108,-2.8467
1.3468,-5.6588
-4.2032,-5.912
0.3497,-6.9423
1.4369,-3.5771
2.4256,-6.7958
1.6583,-4.3902
2.1533,-4.8114
4.9578,-5.1587
1.3775,-2.4241
1.9721,-3.102
3.8841,-6.8838
-1.7786,-4.983
2.2345,-6.0698
1.3867,-2.6842
-5.2227,-4.2488
-2.2275,-4.753
3.0081,-6.1379
0.65463,-4.4348
1.1346,-3.0649
-2.7875,-4.9386
-4.2099,-5.5737
1.1249,-2.6699
-0.46874,-2.5721
-0.90299,-4.2616
-4.9592,-5.0221
-2.5033,-6.7768
1.2562,-1.282
4.1557,-4.7639
1.6007,-3.5354
-0.084479,-3.6951
-5.0208,-5.1006
1.1996,-2.7374
2.4491,-5.1821
3.2082,-6.231
-3.6367,-5.8067
-2.5494,-4.6513
4.8706,-5.7353
3.3421,-6.0246
2.0075,-6.8711
2.0314,-3.9738
2.2155,-5.3158
-3.8318,-4.8082
-3.7743,-4.5624
3.4059,-4.6564
3.5029,-7.077
-0.017261,-4.4599
-2.3387,-6.0713
-3.7562,-5.3287
-3.5806,-5.4259
-1.1597,-3.5003
4.1371,-5.4079
2.6683,-5.254
0.35518,-6.2165
0.79601,-1.7164
-4.0344,-4.1574
1.6947,-6.2251
-1.7347,-5.7856
0.41485,-2.5334
0.38939,-4.631
2.0505,-5.2545
2.8641,-6.3262
2.4505,-6.4635
1.2232,-2.093
-1.9383,-3.6431
3.7828,-5.4343
-3.0423,-5.1759
4.3617,-6.6886
-2.7545,-5.0946
-0.9944,-4.0533
2.7762,-4.0139
4.7679,-7.2446
-1.6408,-5.1572
2.4323,-5.046
1.4776,-3.2738
-3.9452,-5.1512
4.5422,-7.091
2.2225,-6.2058
3.619,-5.904
3.4077,-4.9353
3.3394,-4.5761
2.6544,-4.9836
2.6361,-3.6056
-1.6479,-4.8451
2.9426,-6.386
-3.7618,-5.2109
-3.5217,-4.8225
0.80128,-3.931
-2.3646,-5.2753
4.2535,-8.0027
0.80521,-3.6615
2.4351,-5.9776
1.5683,-7.283
-4.4534,-5.265
0.66687,-7.0188
1.9978,-4.9158
0.72916,-2.4994
0.8198,-4.735
0.76798,-3.7152
0.57707,-4.0884
1.3458,-4.9342
1.6474,-4.0968
2.8147,-2.4088
-0.30987,-3.5683
-0.10134,-4.9704
3.6429,-7.8091
0.52438,-2.8782
-2.9699,-5.851
0.31421,-2.1855
2.4481,-1.2805
1.4785,-3.9814
2.7036,-4.3433
1.771,-4.5517
-4.1264,-4.793
2.8532,-6.7418
2.3102,-6.1568
3.0553,-6.5665
1.2077,-4.1643
0.40145,-5.0367
-2.9686,-4.1827
2.5048,-5.3001
-0.10242,-4.3657
-1.8925,-5.8528
-1.36,-4.3184
-2.7405,-5.2891
-0.1444,-1.6062
1.7426,-5.3517
0.46586,-3.0329
3.8271,-6.7988
-0.31422,-3.9203
-2.5839,-4.1055
-1.758,-5.4862
4.1699,-5.892
0.5746,-0.90017
3.3728,-5.4186
1.2699,-2.6888
2.8296,-2.0015
-0.1583,-4.8701
2.16,-4.4852
-1.4473,-4.9854
-3.7758,-5.5621
-2.1732,-5.3118
2.9558,-5.3198
0.9936,-2.4834
2.3234,-8.2698
-4.2636,-5.1434
0.32614,-3.4351
3.3836,-5.2263
-5.7329,-4.3994
4.1618,-6.1921
3.7215,-6.8529
1.6025,-6.4096
2.9063,-7.2701
-1.4958,-5.4315
-4.962,-4.9087
-2.1178,-6.0817
-1.3988,-3.9229
4.0997,-5.9979
0.66233,-2.6836
0.53697,-4.3278
-1.6629,-5.1865
2.3615,-6.2975
-3.403,-5.6706
1.4283,-3.0974
0.43107,-3.9956
1.2027,-6.6508
1.4656,-5.6195
2.8075,-6.2275
3.1499,-6.4858
2.2025,-4.5407
3.2935,-5.3739
-3.0859,-5.3523
3.1465,-6.2495
2.8355,-4.6189
2.4094,-4.8965
2.048,-2.0463
4.043,-4.9594
-1.9995,-4.7074
-3.312,-5.8026
2.4793,-4.2777
2.2299,-2.0858
-0.43439,-5.608
4.4718,-7.1897
-2.5529,-5.7581
0.91101,-3.2419
2.7914,-2.9379
3.3591,-5.2869
3.5081,-6.8105
2.4145,-5.1884
2.4589,-6.5958
1.1279,-2.3302
2.9519,-5.9165
-1.4433,-5.0145
4.1402,-5.453
3.6329,-6.8714
1.9772,-2.9013
3.8711,-6.8232
3.3353,-7.5231
3.8605,-5.6673
1.3418,-4.4113
0.36736,-3.1169
4.8682,-7.3462
1.4195,-2.1864
2.2574,-3.5151
-3.1228,-5.1557
0.024518,-1.8629
-5.3257,-4.1919
2.854,-2.0372
-1.3707,-1.8344
4.0779,-5.5987
1.9396,-3.0942
2.9031,-5.9362
-1.1704,-4.3747
-0.91665,-3.5623
1.8515,-4.7904
1.2233,-3.7007
0.13833,-2.8483
3.4704,-5.6225
2.0833,-2.5989
1.7473,-2.1222
0.47759,-2.7114
-1.3064,-4.3826
-1.7259,-4.945
0.67355,-3.6162
2.402,-3.0949
4.0066,-6.6674
-0.6059,-5.0533
0.72732,-1.9586
-2.2742,-4.7428
1.8809,-7.0083
1.6713,-3.5748
-0.33359,-1.2615
0.96673,-0.41353
-5.048,-4.6424
1.4621,-5.692
1.1272,-5.0994
-1.3452,-5.1762
1.6029,-3.0698
5.2422,-5.4795
-3.3991,-4.7525
0.26252,-2.333
-4.1477,-5.4082
2.6188,-5.0515
0.11981,-0.91513
2.094,-1.7026
-1.8251,-3.4507
-0.26537,-2.3579
-2.1735,-5.1948
0.081264,-1.0892
1.056,-4.1055
2.5244,-6.1308
-2.5687,-4.9453
0.7893,-5.7269
1.9271,-2.6483
2.4433,-1.7525
-2.6132,-4.9825
2.8451,-4.8375
1.5709,-6.0548
-3.9373,-4.9556
0.26274,-2.2105
-0.79638,-4.2145
2.8745,-5.2152
-1.858,-4.3337
5.0091,-4.8763
3.1068,-5.9049
1.198,-5.2429
3.57,-5.7727
-2.5255,-4.7844
1.6364,-2.2222
1.5028,-3.3115
0.32159,-2.6644
2.7664,-6.6938
2.3304,-7.7637
-3.5462,-5.1942
-0.1562,-2.6385
-2.9174,-4.0508
-3.7688,-4.6209
-0.18953,-3.9869
-0.73046,-1.5069
4.3412,-5.9996
-4.9324,-4.3591
-1.4646,-7.4609
0.42724,-4.184
-4.4304,-4.4848
0.51852,-2.8456
-3.6304,-3.2851
2.692,-5.7922
-4.8559,-4.7825
3.045,-3.4979
1.2038,-2.7865
-3.7136,-4.8744
3.2291,-6.2639
4.3141,-5.7047
-4.7784,-5.4027
3.8855,-7.5502
0.27693,-1.9507
-5.7501,-5.1537
-4.0274,-5.7179
4.1289,-4.7624
-1.1068,-5.7708
3.1707,-6.2845
4.2057,-4.5925
2.1494,-5.8441
-1.0516,-5.6654
-2.3022,-5.4905
3.4078,-5.5269
1.3177,-3.0338
3.4038,-5.0154
2.3752,-6.3643
-4.8831,-5.523
-1.4776,-3.4357
-2.4936,-5.7165
-3.0216,-4.7656
2.9028,-5.0439
-2.4599,-5.1798
0.49807,-3.3283
1.7427,-6.4619
3.4693,-5.4671
2.7763,-7.6238
-1.4584,-2.6849
-0.037824,-4.1995
5.0667,-5.8312
-3.1895,-5.5381
2.6058,-4.4895
1.9545,-2.2043
1.1575,-4.3344
3.6986,-6.6321
2.154,-3.7757
1.3653,-3.2891
1.109,-2.4289
2.5534,-3.1664
0.17816,-2.9376
4.0047,-5.5237
1.3992,-4.6763
4.17,-4.9023
-4.5586,-5.923
3.8307,-7.651
-1.5993,-5.3914
-2.8219,-6.2601
4.2039,-6.3169
-2.2329,-5.5787
1.0336,-2.313
2.2873,-7.3065
-0.70926,-2.6381
0.53443,-3.5514
2.3059,-3.5186
1.9011,-5.2082
0.40221,-2.3427
1.611,-4.986
-3.8424,-6.0305
-0.72445,-5.4372
1.5519,-4.0823
-3.1894,-4.2962
1.4096,-4.5812
2.0179,-6.5937
2.891,-5.8543
-3.7948,-5.7613
1.0823,-3.0934
0.16342,-2.9652
3.2916,-6.1391
-0.77265,-3.1025
4.7084,-6.5548
2.1002,-6.6118
-4.3932,-4.5933
-1.6493,-4.925
2.5093,-2.4572
1.7293,-6.3356
-2.4081,-5.2164
-2.2101,-4.3076
-3.0972,-4.7528
-1.6273,-5.2884
0.95109,-3.0542
-2.2998,-4.1693
2.4222,-5.7897
-3.8825,-4.4094
2.4558,-5.9473
-1.9501,-5.1232
3.7382,-9.1123
4.4399,-6.1668
2.448,-4.5872
0.93455,-1.2616
1.217,-4.3153
-0.44477,-4.0409
0.81313,-1.0935
5.4891,-5.5481
-0.53707,-6.241
3.4181,-4.16
-1.1071,-4.9805
-4.8092,-5.3876
5.0756,-6.4921
5.0363,-5.2379
-3.4806,-4.8216
2.114,-5.7344
-0.87996,-4.5274
1.0793,-4.7024
-2.2036,-4.8975
0.38061,-6.4519
-5.6997,-4.3875
-1.3645,-4.7696
-2.0478,-4.6553
1.4324,-3.8256
1.2309,-1.6933
0.66169,-1.1741
-2.7542,-4.2612
3.201,-5.1434
0.29815,-1.9706
2.4158,-3.1837
-3.8905,-5.7589
0.90603,-2.1504
-3.5985,-5.0215
2.3094,-1.4812
2.0251,-6.6398
1.3804,-8.1456
-4.923,-4.9828
-2.4527,-5.186
-4.7591,-5.1929
5.9927,-6.9853
0.94714,-2.9149
3.1552,-5.2948
3.3864,-7.2607
4.0111,-5.3548
-2.1496,-4.4426
1.5663,-3.6393
3.1217,-5.2394
2.2889,-4.8961
-0.029695,-2.7901
0.65723,-2.2191
2.0027,-2.7715
-4.8413,-4.8883
-3.6441,-4.9953
2.4822,-6.6065
-5.0659,-4.5396
2.836,-2.8979
-2.0037,-5.4994
-0.45934,-2.927
-0.065821,-3.5329
-1.9676,-4.394
-1.1454,-5.0359
3.474,-5.3947
-1.038,-4.9352
2.3869,-3.8171
-0.06837,-4.532
2.4278,-5.7396
0.26541,-3.5279
2.0047,-7.0508
-2.8229,-3.3078
5.0476,-5.7157
2.5019,-7.4852
0.73435,-3.4717
-4.4525,-5.5127
-4.043,-4.3847
3.3031,-5.7882
-3.4539,-5.06
0.58435,-1.9414
2.1944,-6.8437
1.5274,-2.663
4.094,-5.7599
1.9242,-4.8189
-2.3338,-5.3477
4.142,-5.66
3.1287,-5.962
-3.1683,-3.8739
-0.76331,-5.0041
0.69084,-1.9303
-1.8679,-4.2963
-2.8737,-4.8187
0.98028,-2.4643
2.3549,-6.2661
-3.3624,-5.5748
-0.32093,-0.84361
-4.0351,-5.5948
-0.78064,-4.4117
3.2028,-4.3123
0.82672,-3.355
-5.0314,-4.4205
-5.2096,-4.4372
-0.37748,-3.2309
3.4204,-6.8135
-3.66,-4.3407
-2.174,-4.9278
2.2859,-6.2285
-1.2326,-4.5241
-4.0469,-4.9162
3.1936,-5.9277
-0.32574,-3.5218
1.4097,-3.193
0.12395,-4.7873
0.77751,-3.2245
-3.2873,-5.7421
1.848,-4.6158
-1.2051,-5.6772
3.4914,-5.6891
4.6772,-4.6902
1.8103,-5.0847
0.62275,-1.4709
0.0090112,-2.934
1.5978,-3.9123
0.16317,-1.9693
3.0474,-4.4758
-0.40988,-2.5162
0.31326,-4.4496
-1.8314,-4.1857
-2.3646,-6.2346
4.3601,-6.1254
1.9753,-6.8059
2.4051,-1.9692
2.152,-0.51563
-2.3715,-5.415
2.4639,-7.4455
0.14783,-2.6294
2.1444,-5.5258
1.5252,-2.239
-0.1442,-2.7052
-3.1436,-4.3123
-1.9682,-5.1558
4.17,-6.7471
1.1661,-3.902
1.4428,-3.8619
-3.6878,-5.0987
5.5886,-5.8622
3.1427,-6.1093
-3.5659,-4.9554
-5.126,-4.441
0.50725,-2.055
3.5019,-6.1843
-4.2905,-6.1628
1.0336,-2.7376
3.9598,-4.4411
4.3334,-6.4731
0.29866,-3.0249
2.0557,-6.4091
4.4161,-6.4045
-1.9108,-4.4946
-2.5623,-5.7761
-2.4674,-5.6564
-3.7196,-4.0266
3.2354,-5.9866
1.8291,-1.4215
1.8642,-5.4204
-4.4588,-5.8268
2.3548,-5.5668
-4.1048,-4.5709
4.5063,-6.3459
0.082386,-2.9827
3.903,-6.4442
3.6119,-5.9844
2.0095,-5.2245
2.283,-5.9289
1.9033,-7.6117
2.5226,-5.8181
-2.4446,-4.8366
-5.3466,-4.4026
-4.0234,-4.1656
1.7097,-4.2571
-1.6114,-5.2593
2.6621,-6.0055
2.2854,-0.8705
-2.4859,-4.4616
-0.16043,-3.0288
1.1953,-1.9904
-1.2564,-4.2155
1.5229,-5.8842
1.9671,-5.5679
-0.23704,-2.5921
0.47794,-1.4319
3.101,-4.8499
1.8249,-5.9278
1.4403,-2.8281
3.4968,-6.4566
0.51584,-3.3532
1.561,-4.1592
1.1616,-4.9965
0.68691,-2.0186
2.2337,-2.1749
-5.4814,-5.443
4.2135,-5.5859
-2.7495,-6.0002
-4.6147,-5.8082
2.8437,-6.5698
2.4181,-3.2969
-4.2535,-4.8846
0.34117,-3.1021
-1.2606,-4.1238
-3.6781,-6.3176
-1.925,-4.8431
2.5677,-2.8429
0.74318,-2.156
-0.057553,-2.7024
2.4377,-3.1987
-4.6022,-5.3388
1.8616,-3.3542
1.5313,-2.3595
-0.15017,-1.8285
2.4165,-5.9819
0.4323,-5.2764
2.212,-2.558
3.8461,-5.7008
0.21554,-4.3361
2.934,-5.8143
-0.52189,-0.95733
1.158,-5.8765
3.9437,-4.4249
-2.3169,-4.1205
2.6783,-5.6695
0.28255,-4.4522
-3.0797,-5.5121
-3.9994,-4.2725
2.2811,-3.9772
0.74906,-3.2842
3.886,-6.3058
0.92137,-3.6157
0.60127,-3.401
-6.2161,-5.4668
-3.4951,-4.3094
-5.6966,-5.8782
3.3583,-6.7256
-2.6883,-4.5893
1.6858,-3.9469
-1.6585,-5.8215
-2.7945,-4.9324
-0.5441,-3.0804
-4.0533,-4.8326
2.3513,-5.7419
5.2637,-6.4571
2.4106,-5.5076
-0.54713,-0.5105
4.2501,-5.3773
-0.23659,-1.4765
1.3062,-2.8409
0.64895,-2.4507
-3.9231,-5.5479
2.0444,-3.3982
-4.9067,-5.5377
2.8166,-5.5242
0.99693,-2.7763
-3.1911,-3.9867
-4.8441,-3.353
-2.6682,-3.8549
2.6973,-4.0649
1.9415,-2.8382
-0.87239,-4.4836
1.3826,-2.1819
-1.7341,-4.7621
-3.8983,-6.002
0.63407,-2.8566
4.3788,-5.5926
-2.1447,-4.9602
1.8344,-4.8344
3.3272,-7.0079
1.0561,-5.9874
-1.7485,-5.7287
-2.4291,-4.3574
1.1008,-3.3766
-2.892,-4.8428
2.093,-6.0189
2.2233,-6.0347
2.3709,-5.7138
3.6738,-4.5136
1.035,-2.3919
-0.33568,-3.6482
-0.3894,-2.7534
-3.9727,-5.5489
-2.7771,-5.7321
0.036994,-3.4033
-1.7619,-5.5228
-2.8937,-3.823
-0.011972,-2.1064
1.3687,-1.788
2.7349,-6.069
-3.7478,-5.0694
3.4168,-6.5616
-0.76416,-3.304
-4.6257,-4.7001
1.2193,-1.6923
2.1097,-7.2255
1.4989,-7.1224
4.4337,-4.7106
-1.1881,-4.7652
0.80339,-1.3326
-2.4127,-4.2375
-0.56955,-1.399
-5.2598,-3.962
-1.7276,-5.854
-0.26658,-1.0524
-4.6776,-6.5529
-2.72,-5.4827
1.5465,-3.37
1.4395,-7.0597
-3.8519,-4.7062
-4.1142,-5.0564
1.4933,-1.3618
-3.2658,-4.683
2.3777,-1.1541
2.8211,-5.5096
1.0717,-2.6023
-0.67243,-4.2651
0.81408,-4.3319
2.8513,-4.9427
0.34307,-3.1811
1.2645,-2.3737
-4.1658,-5.5614
-0.21796,-5.3136
-2.2177,-5.8983
-3.8014,-5.3772
2.4018,-3.4614
-5.2499,-5.008
2.8203,-7.0955
-3.8031,-5.8585
0.15568,-2.3608
0.5126,-3.1678
-2.9517,-4.0591
4.2634,-6.288
3.3126,-5.0898
0.95238,-3.5338
-4.3933,-5.1892
-3.0575,-5.4763
1.3588,-4.0825
4.1088,-4.3618
-1.4735,-4.5392
1.9707,-2.606
-2.8336,-4.4635
-0.54867,-3.0542
2.0697,-5.2162
-2.5634,-4.8216
2.0955,-6.313
-3.2048,-4.8196
0.2557,-3.0838
-0.63469,-5.0863
2.1991,-5.0496
0.7976,-1.9008
1.0696,-2.428
-1.0414,-5.1419
1.5606,-3.2312
5.0402,-5.4784
2.7169,-3.4729
1.4978,-3.1466
3.5375,-6.1434
-2.7144,-4.5994
2.3071,-4.7789
-3.1066,-4.944
-3.7268,-4.6511
-2.4983,-5.8138
0.70292,-3.0922
-1.8366,-5.1831
0.71374,-0.9611
2.8177,-5.3361
-3.0978,-3.7055
1.7045,-1.5857
-1.035,-4.5384
4.1294,-5.6638
1.7632,-2.7113
0.47858,-5.3617
2.8168,-5.6128
-1.6123,-4.5677
-0.63311,-1.7899
-3.792,-3.8087
-3.3294,-3.4475
-2.839,-4.741
1.9144,-4.2088
4.6176,-6.5402
-2.9887,-5.5265
-0.3504,-4.1949
3.6854,-6.3793
-1.6732,-5.4071
0.5857,-5.4131
2.6392,-4.9209
2.6315,-6.6234
-4.4945,-4.0402
2.6074,-6.1937
-4.1804,-6.1956
1.7214,-5.2599
-2.653,-3.1214
0.20308,-1.9115
2.2323,-5.4014
-1.7168,-6.4213
-0.9318,-5.3201
2.1106,-3.5507
2.6598,-5.5418
3.8828,-5.8914
3.6582,-7.657
-4.6832,-3.9871
-5.344,-3.8742
1.1843,-3.5847
-3.7314,-5.0716
1.7659,-2.5803
2.1437,-4.367
0.76348,-1.4958
4.114,-7.5078
-0.12263,-4.2107
-2.4185,-4.8089
0.88734,-2.3769
0.12372,-2.3717
4.3247,-6.6278
-3.3345,-5.3554
3.8276,-6.956
2.1294,-3.3001
3.0227,-6.4086
2.9315,-1.8377
-0.55998,-4.1928
-2.9765,-5.8236
1.1225,-3.7759
2.7448,-5.376
2.9349,-2.9907
-2.7248,-5.3026
-3.1118,-4.158
2.267,-3.8334
3.9163,-5.2573
4.8601,-5.7111
0.57667,-4.4334
1.1405,-5.8895
0.69156,-5.2234
4.5606,-4.9812
1.0059,-2.3654
-0.61676,-3.6409
1.7545,-5.7738
-2.7311,-6.3164
-3.8941,-5.3377
-6.8439,-3.0064
-2.4868,-5.5619
-1.5158,-5.8207
-5.0098,-5.178
-0.78463,-3.1001
1.7077,-5.2335
4.6862,-6.2247
2.6059,-4.0933
1.6673,-2.4782
-0.85576,-5.8792
3.4909,-5.9801
1.7202,-4.8123
-4.827,-3.9543
1.8395,-5.9199
0.68515,-3.4102
2.8989,-7.2611
-1.9874,-4.8121
-1.9899,-4.7606
2.2468,-1.589
-0.98996,-3.2788
-4.1727,-4.3425
2.0162,-6.4478
0.8859,-2.4936
-3.4799,-4.6321
4.0842,-6.4906
4.5083,-6.6755
5.2991,-6.3678
-2.0781,-3.8557
3.5779,-6.78
3.9525,-6.0073
-0.64547,-2.4402
2.2313,-7.1743
3.7671,-5.9583
-4.2782,-4.7363
-4.5256,-4.9727
4.013,-8.0457
-4.8002,-5.0794
-1.7056,-4.5139
0.92181,-3.4244
2.5137,-5.7932
2.1359,-6.9778
0.98517,-2.9056
2.791,-5.2992
2.5533,-5.3658
1.3075,-2.318
0.42971,-1.8855
3.9187,-5.4051
-3.3268,-5.0166
-0.89349,-6.3785
1.2577,-0.68801
3.5594,-6.8129
-2.5607,-4.9867
2.2104,-4.8849
-2.8531,-5.2607
1.459,-6.7566
0.12628,-1.9541
1.9225,-4.5808
4.3319,-5.0639
3.0745,-6.4147
3.1323,-4.9512
3.2419,-5.0192
3.8488,-5.9525
2.4663,-2.039
3.4405,-6.5744
2.4805,-5.7467
-5.708,-4.8861
-3.672,-5.7059
3.217,-4.989
2.168,-2.1703
2.9562,-4.9145
0.41252,-2.5277
-1.9793,-5.4069
1.4792,-3.8891
-3.9975,-5.1087
0.23833,-4.4123
1.3011,-3.0576
-4.4014,-3.5696
1.7364,-4.5701
0.56465,-4.1807
0.038657,-3.2446
3.9134,-7.0726
1.0537,-3.6392
-1.2477,-5.4492
2.4706,-3.3142
1.5822,-5.8719
-4.2496,-6.1173
-3.3876,-4.4834
2.4631,-5.4724
1.0433,-5.4978
-4.1048,-4.7365
-2.7388,-6.3555
1.7334,-3.001
-2.4847,-4.9995
-1.0325,-2.0247
-4.136,-4.5208
1.9098,-5.3618
2.8333,-6.7783
-4.149,-4.1318
3.1119,-3.4932
0.77643,-5.702
0.28772,-3.6783
0.28759,-3.6905
2.3795,-5.5438
-3.0551,-4.938
2.2504,-4.6616
0.37849,-3.4763
-0.39305,-3.2742
0.39791,-3.6997
-1.853,-4.4278
1.5938,-6.6026
2.8192,-7.5065
1.9766,-3.251
1.1359,-4.303
-2.5557,-5.3627
0.96714,-1.2242
2.9029,-5.6069
3.2527,-6.4664
-0.2779,-5.0544
3.5969,-5.7153
2.2417,-6.6664
-1.7773,-5.0672
-1.5594,-4.902
0.62278,-2.3185
-1.136,-5.0256
-2.2553,-4.4021
1.3283,-4.5084
-3.8421,-3.7327
-0.10589,-5.4055
4.0938,-5.3711
0.99746,-0.90903
-4.3294,-4.1871
-0.36635,-1.7168
4.0005,-5.9297
2.0132,-3.1555
3.8705,-4.9126
4.0957,-6.7185
0.98036,-1.9376
-3.1472,-4.5615
2.5891,-6.0658
2.0592,-4.895
3.5943,-5.8146
1.6389,-7.7691
0.037925,-3.0552
0.76771,-3.4684
2.6599,-7.7232
2.8715,-5.0195
1.4864,-2.6971
1.6217,-5.8503
2.1449,-6.0016
-0.13012,-4.2989
-2.8531,-5.4738
0.96274,-2.9567
-0.7581,-0.91142
-1.9026,-4.2559
-1.177,-4.9061
0.32734,-4.3926
-4.8809,-5.2904
-3.503,-6.2254
2.5844,-5.543
4.5406,-7.0664
2.463,-6.1025
1.671,-0.044305
-4.0208,-4.8346
1.4139,-5.2916
4.6202,-5.8313
2.4026,-2.3104
1.7426,-6.3233
-0.3027,-3.7601
1.4939,-2.8992
-2.5838,-5.195
-1.1692,-4.8583
-2.7628,-5.4852
1.0425,-2.5952
-1.2582,-5.7816
2.1558,-5.5398
2.4189,-7.4753
-4.0264,-4.8278
1.3975,-2.6659
-2.4416,-5.3331
1.4778,-4.8565
0.72393,-2.8519
1.9592,-6.0495
1.6327,-2.1105
-1.7457,-4.7762
-3.1369,-5.9348
-4.0638,-5.3051
2.4135,-5.6241
2.0895,-5.6171
1.6107,-1.9454
2.4419,-5.3002
3.1619,-6.8196
1.3931,-5.3594
0.093415,-1.4098
-3.0021,-4.5787
-2.6654,-4.8885
-3.9758,-4.3008
3.3164,-6.3156
2.8675,-6.8496
3.9642,-4.3506
-1.7633,-5.6614
-2.4682,-4.9673
4.5133,-5.3707
-2.1107,-4.917
-0.013784,-2.2507
-4.8917,-5.7446
5.0534,-5.313
0.87409,-3.2172
3.112,-6.3177
-4.8726,-4.6566
1.7888,-7.8547
-2.1075,-5.459
1.3471,-3.6741
1.9093,-2.3781
-0.91587,-3.1235
-5.9541,-5.3724
3.523,-4.773
-4.1689,-5.076
-1.2051,-4.1255
0.85439,-4.0671
2.2808,-6.8972
-3.5908,-4.8223
-4.0661,-3.5384
-2.3597,-3.8973
1.1397,-1.5742
-3.2932,-4.8806
3.0846,-5.5347
2.0796,-2.3317
-1.0736,-5.1612
3.4151,-6.6491
0.64257,-1.2452
4.0582,-5.7532
-2.0953,-4.3158
-0.60859,-5.1516
2.182,-5.1321
2.0338,-6.7298
2.3796,-6.6938
-4.1266,-6.2762
-0.4714,-3.0769
1.8238,-3.0204
-6.0388,-3.5854
2.7032,-6.8759
1.7296,-4.4263
2.1334,-3.6909
-3.5914,-5.8016
0.77658,-3.6093
1.8953,-1.1983
-4.3773,-5.6745
-1.8221,-6.0263
1.5312,-4.1103
4.5542,-5.3698
-5.2961,-4.6459
0.76227,-1.7164
-2.7169,-5.1446
0.039776,-3.0982
-0.020126,-3.4687
4.0018,-5.2265
2.3734,-3.6788
1.2101,-3.7408
-4.3385,-4.942
1.8109,-6.7373
-3.0203,-3.8663
1.3225,-2.4083
-3.9564,-4.9637
1.8316,-2.9624
3.3138,-7.1886
-3.26,-4.0037
2.4095,-5.584
1.5676,-1.4268
2.1938,-5.7342
-3.5403,-5.3538
0.95157,-3.3666
3.7347,-5.0251
3.5473,-5.5381
-4.9536,-5.8217
-4.2732,-4.9462
-4.5082,-4.2669
-2.5429,-3.3978
1.9406,-3.3415
1.4715,-3.3927
-2.4924,-5.8011
5.0794,-5.8822
-0.080518,-3.0311
1.1644,-5.7665
-1.9111,-6.0325
0.10507,-2.468
1.4652,-4.753
3.1874,-5.4897
-3.181,-5.8642
0.99683,-4.5624
2.806,-6.7718
0.37199,-3.6673
-4.1244,-5.9258
-3.695,-4.8096
2.1902,-6.111
3.0712,-8.2685
3.5638,-6.0803
0.06849,-4.0087
3.3469,-4.6687
1.214,-4.1446
-2.359,-5.5253
-3.8276,-4.7022
-2.3278,-5.1737
1.5816,-2.4853
-1.4696,-4.9054
1.1017,-8.0956
4.9969,-6.0397
4.6957,-5.588
0.69638,-2.9368
-3.4543,-6.0967
3.1596,-8.2136
-0.047085,-2.9864
2.8644,-6.183
1.5718,-2.6649
-0.55365,-2.0427
1.3639,-1.2839
2.3959,-2.322
-4.2873,-5.036
2.6666,-6.9989
-2.0583,-5.0497
0.38163,-4.27
3.1482,-5.0086
1.4753,-3.0957
1.8058,-6.9931
2.5741,-1.1825
-2.4931,-5.0329
0.19954,-2.0445
-3.9115,-4.4643
3.3474,-3.702
2.6342,-5.345
-2.6232,-5.334
3.3644,-5.1593
2.8363,-5.196
4.5204,-6.407
4.8059,-7.7831
2.7465,-3.678
3.1657,-4.4851
0.46352,-3.1954
3.6922,-4.1289
4.2522,-5.8185
-4.5406,-4.3625
-0.65112,-4.6971
4.2082,-4.5614
-3.6953,-5.0044
3.9078,-7.6289
1.0139,-5.7874
-1.2372,-3.1179
4.8053,-6.6641
2.1413,-7.8584
0.89175,-2.8333
-2.735,-4.5326
3.4434,-5.9265
1.5054,-2.9648
2.9494,-6.4343
2.4596,-6.3771
3.0182,-7.1242
2.2366,-2.6498
-4.0321,-5.1079
-2.4418,-4.5629
-1.4517,-4.5838
-3.322,-4.9595
3.4393,-6.5056
-2.0756,-5.8462
-4.4693,-5.1833
-4.2667,-4.6373
2.3597,-5.329
2.9806,-6.9064
-4.4383,-5.8408
1.7228,-5.8707
-1.2858,-6.9524
-0.29579,-4.9265
0.50074,-3.0389
0.56417,-2.6873
0.50652,-3.1745
3.0002,-4.9541
-3.9515,-3.4777
1.9571,-3.5336
1.4092,-2.5853
2.9656,-2.7539
-2.2918,-5.0957
2.3254,-4.1465
0.90815,-3.1412
3.1585,-6.6531
5.1729,-4.8877
-1.007,-5.4284
-1.5896,-4.7264
-1.7523,-3.5354
0.99263,-3.5684
1.0572,-0.72757
-3.5884,-5.1861
-1.4503,-3.6245
0.07232,-1.8766
2.932,-4.8348
3.6453,-7.0406
1.7986,-6.9056
2.8073,-6.5794
-0.69361,-5.3761
0.90554,-2.2944
-3.4055,-3.5727
3.781,-4.9554
1.4928,-2.4649
1.9546,-6.4434
-2.6053,-4.1343
-0.66852,-1.6971
-2.848,-4.2342
1.5427,-1.6477
-1.969,-4.172
3.0108,-5.2011
1.5902,-0.37798
-5.1479,-4.1752
1.9427,-3.6913
3.7583,-7.9252
-2.848,-5.2184
-6.1793,-4.8612
-2.0356,-5.0151
1.1034,-2.7458
0.29216,-3.5446
0.63338,-4.1554
-3.0348,-5.0018
-2.8054,-4.2492
1.1585,-3.3839
-0.1457,-3.4001
-3.0375,-4.7611
2.8071,-4.7661
3.6755,-6.1381
1.2652,-3.1736
2.9002,-4.1268
-2.9256,-5.1874
-4.3489,-5.4255
-2.5773,-5.1053
2.7787,-6.0656
1.9929,-5.7594
2.9898,-5.0354
3.3383,-5.977
-0.024138,-4.6288
1.1545,-2.9058
-2.8099,-4.7815
1.9218,-2.6421
-3.8912,-4.8287
2.3098,-7.4449
3.3255,-6.7096
-3.8017,-5.1798
-3.954,-5.5226
-1.2702,-1.6959
4.556,-6.1857
1.6332,0.022454
2.0273,-5.1054
1.9307,-6.8086
-0.94753,-4.4711
-2.3684,-4.1923
0.15279,-3.601
2.971,-6.0814
1.4961,-1.7344
3.6128,-6.143
3.6359,-6.0431
0.14516,-4.6391
-2.3877,-5.1135
-1.2837,-4.9851
2.6689,-6.5759
-2.2583,-5.5477
-4.2852,-6.5716
2.4185,-3.4579
0.61529,-1.6168
2.8995,-5.1133
1.0664,-5.3402
4.0097,-3.8431
4.1997,-3.2326
-4.9599,-4.3409
2.54,-6.8455
-3.3459,-4.9557
-3.9628,-5.984
-2.8348,-4.7055
-2.9651,-4.359
2.3456,-1.9661
2.4232,-2.1972
-5.5629,-5.0248
0.18449,-3.0107
3.077,-6.8076
4.1181,-4.9799
1.7862,-1.2466
-3.3451,-5.1235
-1.4743,-3.6321
0.933,-3.5051
0.81133,-2.0536
2.3351,-4.1721
-3.3817,-5.9805
-4.1767,-4.8983
-2.4036,-4.0371
-3.8799,-6.133
4.0167,-6.3937
3.7899,-6.6415
-2.3043,-4.6266
-2.7534,-6.2196
0.89567,-3.5724
3.0869,-6.1598
1.1301,-2.2631
2.289,-5.8262
-2.6006,-4.546
-0.14337,-2.5026
0.42363,-1.1669
2.5557,-8.1514
2.4713,-6.2618
-3.4527,-4.8604
-0.30292,-2.8538
1.3786,-6.2451
-1.1975,-5.0218
-0.49647,-2.4585
3.5418,-5.3121
3.3112,-4.4692
-2.0232,-4.0607
-6.11,-5.8004
-5.0624,-5.8634
1.9957,-1.5894
1.7951,-3.5244
-2.3327,-4.7334
-4.4027,-5.8221
3.1079,-2.8542
-3.5699,-4.9505
0.12193,-4.2777
2.7985,-3.0292
5.2963,-5.7396
-3.8373,-5.4256
-1.0025,-2.6655
0.73751,-3.1507
0.91996,-1.7439
3.6234,-6.8906
-4.0144,-4.0077
-3.5785,-5.8848
-3.5937,-3.1587
-2.6537,-5.5721
3.0891,-6.285
-1.8419,-2.8136
-2.7584,-5.1378
-1.6348,-4.1752
4.3614,-5.9493
3.2265,-6.1861
-4.2289,-6.8567
0.88662,-3.7205
2.8051,-5.0388
-5.0113,-4.1655
1.6359,-2.7272
-3.6797,-4.7007
-5.0041,-5.1942
0.33153,-3.0259
-2.0626,-4.4457
3.4016,-6.103
1.3451,-3.7041
-3.582,-5.6543
-1.2726,-5.7735
2.2354,-5.9935
-1.5876,-5.0933
0.60914,-3.1654
-0.50041,-1.4738
0.9832,-3.6419
-3.2019,-5.1859
3.1617,-4.4898
-3.339,-5.3269
-1.8382,-5.0763
1.6949,-4.7064
-3.694,-5.7309
-0.76218,-2.228
-5.1062,-4.9496
2.2505,-2.8249
-3.7268,-5.2099
-2.2219,-3.3749
3.7951,-7.0614
2.4891,-2.002
1.6258,-2.1151
-4.2522,-6.2487
1.1706,-3.3747
1.605,-2.5185
0.57803,-4.8282
-1.9178,-5.3413
2.1068,-5.4213
2.4741,-1.137
0.1858,-3.2593
0.30769,-3.1573
-0.90857,-5.3014
-0.04605,-2.847
-2.3538,-5.9251
3.5118,-8.2116
-3.4852,-4.0058
1.7413,-3.79
1.0225,-1.7845
3.007,-5.5601
2.5178,-2.498
-2.3715,-4.7788
3.3537,-6.7086
-0.049339,-2.7718
0.0023321,-3.0725
-4.2442,-4.257
-5.3513,-5.0096
-1.7915,-5.6362
3.1055,-5.1033
0.56007,-3.9227
2.8596,-6.7444
2.2112,-5.6738
1.7993,-1.6565
-2.7996,-5.4217
-3.4603,-4.6785
-0.50526,-4.4904
3.9834,-7.2124
-3.9142,-4.7618
3.112,-7.2354
3.0299,-5.4928
-4.6377,-5.5405
-2.6986,-5.9382
2.8169,-5.8834
2.6577,-4.3339
4.1413,-7.1438
2.2347,-4.9254
-1.7947,-5.4538
1.7889,-4.0085
-1.6044,-3.9893
2.2517,-7.1909
3.1308,-6.1928
3.0662,-7.2812
2.6005,-5.6148
-2.0199,-4.325
2.25,-2.936
2.8847,-6.5832
-3.0087,-4.9107
-4.5867,-5.2336
2.7509,-5.524
-2.4194,-3.9894
4.2906,-6.9401
1.6992,-3.0383
1.8062,-4.5897
0.90056,-1.4654
1.5442,-1.5269
0.32542,-4.0431
-3.7848,-5.1198
2.733,-6.769
3.0913,-7.2155
2.7398,-5.2239
-4.1161,-6.0244
-2.5334,-5.0285
0.1421,-3.9437
-1.1055,-4.7966
-3.7875,-4.8364
0.49567,-1.6819
-4.07,-4.2996
-1.4553,-5.7359
2.87,-3.591
1.6048,-2.4798
3.3757,-5.0479
1.008,-3.2494
-5.4926,-4.8386
-2.8999,-4.5862
2.8211,-6.8184
1.6652,-6.2869
1.1301,-4.8598
2.5134,-2.7821
0.97228,-3.3974
-0.090472,-3.8243
3.2732,-6.1149
-2.4559,-5.5245
-3.4767,-5.6644
-0.58789,-3.0572
-4.4923,-4.598
-3.9706,-4.5503
-0.25618,-6.0491
-4.6019,-5.0391
3.9141,-6.6162
2.9999,-5.6231
-2.0743,-4.8846
2.4945,-5.1432
2.0992,-6.2341
0.51793,-3.6192
3.9339,-6.2991
3.3651,-1.7944
2.7924,-6.2562
-1.7542,-4.4144
2.3052,-4.8119
1.2628,-5.2988
3.6085,-5.7931
-3.008,-3.6122
3.0892,-5.8077
5.0423,-7.1469
1.5458,-3.1979
0.11536,-2.3635
1.1935,-3.0029
0.79251,-2.3471
1.7137,-4.8321
5.3891,-6.1185
-4.809,-3.7883
-2.9076,-4.262
-4.7437,-4.7215
0.056655,-3.6247
0.11607,-4.5534
-4.8304,-4.6327
0.62596,-3.0482
0.41472,-3.3607
-5.5794,-4.8096
2.7757,-8.8798
-2.7299,-3.3066
-2.7596,-5.7144
0.71447,-3.7073
0.76209,-3.069
1.0721,-2.9024
4.2507,-5.598
0.41054,-2.5283
1.9921,-1.2757
3.6089,-6.5789
-1.2626,-5.9306
1.4758,-2.7552
2.9557,-7.2575
-0.10083,-2.9609
0.82033,-2.203
-4.2355,-5.1474
1.584,-2.1735
2.9493,0.26898
2.9486,-5.5206
0.45349,-3.5199
3.6515,-4.8232
2.8655,-6.5235
-1.4035,-5.7201
1.3822,-4.6769
-0.3207,-1.9694
-1.9186,-4.586
0.34937,-2.0338
-0.2035,-2.5007
4.3247,-4.9669
1.0394,-7.3101
4.334,-6.9127
2.6555,-3.3699
2.5545,-6.4324
-3.0174,-4.5872
-3.8463,-4.2105
-3.3093,-4.3117
-3.8254,-4.452
-0.37173,-3.2266
1.8933,-5.3028
3.9901,-7.6661
-0.077196,-4.4135
3.3194,-5.4542
3.142,-5.4839
2.1331,-1.0899
-5.5166,-5.4145
-0.89496,-5.9794
-4.0052,-3.6633
3.1896,-5.3883
-2.4817,-5.9057
-6.1459,-5.2231
2.3793,-7.4594
4.9826,-5.7131
-0.2835,-4.6548
-1.8556,-5.9687
2.421,-5.1619
0.92614,-2.2771
0.42468,-3.5467
1.2098,-1.0766
-5.3523,-4.5043
0.92591,-2.2548
0.55561,-4.0375
4.4794,-8.1519
-4.409,-5.5564
1.2928,-4.4439
1.0431,-3.1279
-3.1936,-4.9684
0.45984,-2.9182
-5.2851,-4.8936
-1.2457,-6.3318
2.6644,-4.9672
0.5935,-2.7242
3.3417,-6.6543
2.7064,-5.4219
-2.9988,-4.993
4.4342,-6.8411
-2.2042,-5.2147
-0.71543,-4.3307
1.1952,-5.7955
2.2441,-3.0208
0.48062,-3.1192
4.5394,-7.3832
3.714,-6.9177
2.0196,-4.6819
2.2594,-4.7603
-2.8859,-4.5688
0.81864,-6.5278
-1.206,-4.8854
0.83791,-4.3626
-2.6438,-6.0239
-0.26084,-2.5637
3.4905,-5.1752
1.761,-2.4974
3.6199,-6.6686
-0.25943,-2.0969
-3.5536,-4.9582
3.7638,-4.8607
-1.0216,-4.805
-4.4148,-5.2247
0.88837,-3.0164
3.0055,-3.9667
-2.0185,-5.0308
3.7628,-6.4849
2.5514,-1.9117
4.7748,-6.2521
-3.8036,-4.2043
1.2482,-2.8695
0.96451,-2.2234
3.7658,-6.4385
-5.0749,-3.9656
-2.1359,-3.511
-6.7728,-5.9095
3.965,-7.1944
-3.2991,-6.3255
2.6258,-4.1335
0.9599,-3.2875
2.8799,-4.4463
-2.2833,-4.2541
0.99844,-2.2308
-0.85073,-4.2672
-3.2303,-4.1723
-4.8596,-5.6872
2.07,-3.4238
-1.8245,-3.9103
-2.3735,-4.9353
0.1238,-4.0731
2.7696,-5.5707
-5.5071,-6.5193
1.7987,-6.7592
0.50025,-2.793
-3.327,-4.152
-2.7679,-5.5244
-4.5151,-5.6052
2.0705,-5.2946
2.9567,-4.4127
-1.9805,-4.8012
0.37099,-4.1078
2.4049,-2.1631
-3.617,-5.7403
1.1934,-2.5543
-3.9185,-4.0469
-2.8558,-5.0997
3.2443,-5.4149
1.3722,-2.3214
0.3134,-4.1489
1.8034,-2.4467
1.3759,-5.7417
1.6924,-3.7519
4.7373,-6.6508
-3.0451,-4.8848
-3.4031,-5.2568
0.63885,-4.2602
2.8517,-6.7042
1.5847,-3.2122
3.6472,-5.3946
0.66434,-2.7973
2.9404,-6.3452
-3.0585,-4.9594
-0.39842,-3.4637
4.354,-4.5015
-2.6643,-5.5981
-0.53363,-3.8666
0.74352,-2.5339
2.8172,-5.2502
-4.3472,-7.1886
1.4532,-3.1069
-1.4208,-5.57
4.2753,-6.157
3.777,-6.4919
-1.9835,-6.3582
-1.5063,-4.1136
2.1318,-4.1508
1.0989,-6.4262
2.9946,-4.6188
2.861,-6.5998
3.3667,-3.9834
1.3882,-2.9643
4.282,-6.324
-3.3693,-4.729
1.9136,-3.8896
0.69916,-1.1823
-3.5401,-4.2471
-4.5139,-5.8627
2.1699,-6.3052
0.038493,-3.339
2.726,-5.8359
3.3832,-6.4972
1.2582,-5.4898
1.6441,-7.1258
1.1464,-3.8809
-4.153,-6.3318
2.6178,-6.1826
-3.1375,-6.6741
-2.4742,-6.0031
-0.77691,-1.9736
-4.2824,-3.6484
-1.0075,-4.6403
0.92153,-2.9117
2.3401,-4.1363
2.007,-5.5559
2.3452,-6.1066
3.7069,-7.3535
-1.5722,-6.0333
-2.9954,-5.1462
2.797,-6.9833
2.6071,-4.3955
0.49772,-3.8036
-3.0757,-4.1626
-2.4735,-6.019
3.4734,-7.2795
0.29435,-2.8211
3.1925,-5.5642
4.4668,-5.0602
-7.2975,-4.3383
0.83806,-2.3567
4.2116,-6.4914
1.2887,-0.41627
-2.1502,-3.7107
0.70805,-4.7588
-5.4662,-4.7187
0.15018,-1.8777
-0.77967,-4.2903
1.1812,-2.6047
-3.3959,-4.5138
2.0928,-3.1097
0.37687,-2.2992
1.1043,-5.6821
-4.7012,-6.1415
0.86545,-2.8449
0.036352,-3.8556
-3.0406,-5.7364
1.2581,-3.1321
3.104,-2.5997
-0.39121,-3.5335
-0.74565,-4.2408
-1.1196,-2.918
1.0947,-4.1176
3.0055,-4.5885
0.62646,-4.415
1.5208,-3.6852
0.83469,-1.0085
2.8283,-7.9871
-4.6633,-5.7434
3.4377,-6.2265
2.2036,-0.1373
-3.1818,-4.8125
1.3525,-3.067
-4.1916,-4.7865
1.205,-3.5712
-3.926,-4.9698
1.1889,-2.9466
1.1884,-4.9224
0.40793,-4.8912
-4.5222,-5.6782
-0.17219,-3.5805
-1.9344,-4.4867
0.66022,-5.3588
-1.1913,-5.2967
0.58308,-1.916
3.556,-4.5956
-4.6199,-7.1835
-1.4979,-4.0804
3.6597,-7.0856
1.0856,-2.0175
-3.9056,-5.2692
0.5916,-3.7683
1.041,-1.8769
-0.38166,-2.1641
1.2737,-2.2963
1.2257,-1.1543
1.7685,-3.7732
1.5006,-2.0497
-4.3619,-5.0919
-2.4688,-5.1067
0.6126,-4.0786
-1.7,-6.0931
-0.24555,-2.1003
3.5927,-4.5511
1.1695,-3.9003
-3.286,-3.9292
2.9271,-3.7369
-2.049,-4.8967
-2.905,-5.3754
1.1072,-4.4953
-2.703,-4.6847
-6.035,-4.5195
3.0391,-2.196
1.306,-3.9339
2.1403,-1.4558
1.9966,-7.2366
-0.22987,-2.4416
0.75232,-3.3093
-0.0089052,-4.1111
2.5481,-6.1694
-1.8742,-4.8355
3.8799,-4.7485
0.67403,-2.9065
2.5369,-6.8176
-3.1784,-5.0112
1.612,-4.2035
-0.22223,-3.3549
1.3618,-4.5042
-4.2273,-5.089
-3.7247,-4.6045
-0.33088,-4.505
1.6771,-3.431
-6.2249,-5.1881
0.93265,-1.6982
-1.3827,-4.832
0.56063,-4.6967
2.0242,-3.9102
1.3082,-3.6943
2.1139,-5.0719
0.77836,-1.3594
1.4187,-3.8198
-2.0273,-5.1285
3.8497,-5.0963
1.1595,-3.4928
1.3532,-3.8787
-3.7837,-4.5275
-4.189,-3.3413
-0.17098,-2.579
0.26866,-2.9415
-1.7258,-6.1972
2.6867,-7.3959
0.2766,-2.9323
-2.0509,-4.4345
1.7562,-2.833
1.5518,-0.91534
3.4106,-7.4668
-3.8436,-4.8523
3.6612,-5.8192
2.5087,-7.4491
1.5934,-5.0417
1.3052,-1.9934
-3.7418,-3.4069
-0.86989,-5.2877
-2.7559,-4.762
1.1159,-3.9318
-6.3239,-6.2941
-4.263,-4.7967
2.0319,-1.9346
-2.0056,-3.8258
2.5675,-4.217
-5.0602,-4.3471
-2.7658,-5.9712
4.5235,-5.7272
1.0194,-2.6021
1.1426,-3.0236
-2.5825,-4.8778
-1.5316,-1.6094
2.3856,-6.7331
4.5906,-5.6952
2.4432,-5.7727
3.3479,-5.6229
0.66066,-2.7227
-0.61856,-5.634
-5.0532,-4.33
-4.1151,-4.1831
-0.34351,-2.813
1.1567,-3.7929
0.9221,-0.77052
1.3355,-5.643
3.396,-3.2055
2.3205,-4.4805
0.50806,-3.3859
-2.6956,-4.6866
1.1044,-3.3407
3.3603,-5.0534
2.944,-4.3873
0.56031,-3.0839
4.0537,-7.6245
-3.4218,-6.0611
4.3974,-7.0371
-5.7684,-4.9482
-1.3897,-5.1268
-2.596,-5.046
0.70915,-5.2182
-3.2196,-4.0746
-2.2244,-5.8069
2.3979,-3.6548
1.8048,-3.5477
0.37502,-2.533
3.7193,-7.5923
2.9225,-7.4095
-2.8642,-5.3869
0.73674,-2.578
1.4771,-4.165
-3.4207,-5.7951
1.5601,-6.9626
-1.7849,-4.9749
-3.7298,-5.0724
1.5016,-1.4801
-3.7469,-4.7279
-1.7114,-4.845
-0.1186,-1.2889
0.72172,-2.2082
-0.5259,-3.8096
1.6505,-1.7854
-3.3352,-4.6924
1.9348,-3.7048
2.5757,-6.0106
-3.4682,-5.9796
-3.316,-5.7194
-1.7144,-4.1796
-3.2111,-5.535
-3.9066,-4.2836
-0.82287,-4.2868
-0.38308,-3.2031
1.5387,-3.6932
1.199,-2.985
1.5661,-4.6225
4.8325,-4.4762
1.8193,-5.2694
0.38244,-2.1602
-1.0812,-4.8689
2.0098,-5.7469
2.4046,-1.2509
-5.5517,-7.1997
2.2149,-3.0229
3.1453,-6.5555
2.9275,-4.7685
4.7142,-5.1346
2.2282,-5.3528
-3.76,-5.7769
0.72145,-1.4548
4.5514,-5.9201
-2.534,-4.672
2.4358,-5.1694
3.8815,-5.1219
-0.60323,-2.5554
-2.8986,-5.5351
2.3344,-6.2826
-2.8769,-5.7815
-4.3148,-4.2673
0.2292,-5.1688
-3.441,-4.6784
0.27593,-3.3704
2.1847,-1.059
-2.2886,-4.3743
-0.18193,-3.6245
0.70165,-3.1527
1.8509,-2.2454
-0.3646,-3.2915
2.5529,-7.0079
2.1581,-5.9311
2.0218,-5.6187
1.6947,-4.3087
5.6907,-7.9007
-3.4006,-5.6716
2.1376,-6.3404
-1.909,-5.3348
-1.9646,-3.5635
3.7867,-3.9094
0.76993,-3.8
4.9496,-5.261
1.2386,-6.3341
-5.2193,-5.8283
1.7515,-3.9509
2.8643,-5.4954
-1.4832,-4.2252
2.7988,-7.1918
1.9206,-2.3812
1.7818,-4.5343
-4.0624,-4.9742
2.3478,-2.9168
2.6899,-1.8374
2.0001,-2.6579
3.5287,-7.4832
1.5783,-4.0126
-0.9089,-4.5212
2.4675,-6.3882
0.50208,-1.6889
-1.6341,-6.1503
-0.23735,-3.9024
1.7879,-5.8075
3.3289,-6.7168
0.35389,-4.0697
-4.4049,-5.3948
1.6221,-3.1848
1.1261,-1.3822
3.4984,-5.82
-2.5427,-4.5281
-0.544,-5.5121
-2.5342,-4.6516
3.9061,-7.573
-1.3217,-5.6235
2.4771,-2.3422
1.0822,-2.4926
3.1184,-7.3088
-3.3147,-5.013
2.3651,-4.9285
-2.3011,-5.9191
0.3353,-5.0879
-5.0397,-3.8948
4.2841,-5.3514
5.1966,-4.7023
3.2638,-6.0677
2.8647,-5.5628
1.8336,-6.3959
1.9382,-1.1958
1.8612,-4.6536
-0.84666,-2.9022
-2.5716,-5.3628
2.5977,-5.877
-2.7344,-5.5104
3.2857,-6.3641
3.2121,-3.6881
-3.197,-5.4749
-6.8601,-5.1801
-4.1829,-5.4881
1.3183,-3.1106
-3.398,-5.4675
2.21,-6.3636
-2.063,-4.1235
-3.8359,-3.5389
-2.0914,-5.6134
-1.7603,-4.3509
1.695,-6.579
0.86583,-4.1081
2.5162,-1.7737
-1.374,-5.4851
-1.421,-3.0529
-0.1216,-1.012
1.9744,-6.9426
-4.2879,-5.5544
0.068976,-4.5379
2.094,-3.7423
0.45918,-6.4903
-2.5145,-6.0908
2.1777,-2.3886
1.361,-3.1165
1.4053,-5.9629
3.6135,-6.047
1.1293,-2.7859
-2.2075,-3.5555
1.6031,-1.9022
1.8529,-2.9237
0.18698,-3.1776
1.0395,-2.7776
1.1196,-1.799
2.2163,-4.5317
-2.5498,-5.5657
1.7857,-5.2321
2.8226,-5.4548
0.42466,-4.567
-2.5075,-5.5274
2.1398,-7.0817
-1.7353,-3.2763
-1.3077,-4.7606
0.92166,-2.6565
0.52691,-2.8518
-4.1431,-5.1392
0.20916,-2.5352
0.80998,-3.7778
2.9679,-4.8083
0.14853,-0.8248
1.4255,-5.237
-2.0039,-5.1393
-2.116,-3.8504
4.0767,-6.0451
-1.0101,-4.7434
3.7116,-4.4987
3.404,-4.6769
1.5207,-6.3208
2.0898,-2.093
0.91208,-3.2038
-4.0047,-5.4662
1.0717,-4.9015
4.9942,-4.9936
2.2196,-6.7568
-2.3885,-6.469
-3.154,-5.2462
-0.46049,-5.675
2.4892,-4.3473
1.2518,-1.675
-4.104,-5.1953
0.88473,-2.5838
2.3759,-8.279
4.1862,-5.0989
2.906,-6.8232
4.2286,-6.8963
0.79237,-2.5514
-0.33703,-3.6504
0.1503,-3.9034
-4.7267,-4.7592
2.3369,-6.1334
2.4484,-5.6108
2.2941,-3.5171
3.251,-6.6404
3.5612,-7.3185
4.7351,-5.1166
-2.4205,-4.7459
0.89743,-3.712
0.50196,-2.3158
1.3572,-5.6473
-3.4265,-5.0456
2.5039,-6.1394
-2.0224,-4.3304
-0.062261,-5.8518
-2.7541,-4.8567
-2.5525,-4.127
3.3944,-5.8114
-3.3125,-3.0692
1.3076,-1.1047
-2.9362,-3.475
0.94021,-2.3365
3.4737,-6.7298
0.66404,-3.5868
3.4637,-4.0397
3.7104,-7.4645
1.0088,-5.2743
-1.2721,-4.339
3.4313,-4.9591
-4.6189,-6.2697
-5.2553,-3.9374
-3.6829,-5.0278
2.616,-7.2133
1.872,-5.4553
1.5588,-1.9975
0.59776,-4.4314
2.09,-0.86447
3.0789,-7.0204
-2.2502,-5.1645
1.2413,-3.8764
3.8548,-6.1087
2.8522,-5.5734
2.2866,-5.0017
-0.96692,-5.7099
-3.3661,-6.3338
1.6796,-2.1321
4.2099,-6.4457
2.5544,-5.1069
0.9047,-2.7705
0.43424,-4.8421
0.72525,-4.4886
-3.2086,-4.9132
3.0151,-5.9302
-4.6025,-4.8937
2.1095,-5.4042
-2.7238,-4.7201
2.5186,-3.9371
2.222,-6.9994
3.213,-4.7908
-0.71326,-3.6467
-2.7804,-4.6933
-1.1104,-4.1076
1.5857,-6.5863
1.949,-4.4094
3.6475,-5.7403
2.3534,-3.3559
-2.5905,-5.9224
-0.7648,-2.2793
-1.1575,-4.717
0.77075,-5.0583
0.80363,-5.2543
3.213,-7.3093
3.4455,-6
-3.5473,-4.6586
2.7644,-2.244
4.0227,-7.5397
2.1258,-5.7526
2.463,-6.0008
-6.0726,-4.3822
2.8737,-5.7213
4.1442,-5.6503
1.0596,-4.1222
-2.2266,-5.0743
-0.9594,-6.2418
3.9988,-5.2066
-2.0921,-3.9958
2.0915,-2.4669
0.92938,-2.2218
-1.149,-5.0534
-3.8306,-5.6908
-3.2325,-3.4141
0.83109,-3.9747
-2.0368,-4.5773
-5.1286,-4.3607
3.6311,-3.4482
1.7712,-2.374
-5.4999,-4.7323
1.7807,-3.6549
1.0265,-4.1867
-2.89,-5.0573
2.0329,-5.0503
1.4917,-6.0431
3.4638,-6.115
4.2025,-4.1093
1.5051,-2.1512
2.14,-3.0293
-3.7855,-4.6691
1.8962,-3.5923
-5.3564,-3.8355
-3.5156,-5.1748
-3.6649,-5.0114
4.2551,-5.9379
2.584,-6.2704
-2.776,-6.1627
3.5836,-2.5723
-4.4619,-5.484
1.454,-2.2658
2.8116,-5.3626
2.9986,-7.3721
2.4255,-8.0632
1.6856,-3.2068
3.2437,-6.4307
0.8518,-1.6481
1.2622,-3.1154
3.5568,-6.6611
1.4888,-6.6956
-0.60207,-4.032
3.3391,-4.9178
0.7497,-1.8518
-4.093,-6.1152
3.6349,-4.8175
2.5713,-1.5575
4.0748,-5.6942
1.7623,-3.9154
0.32716,-5.6391
-2.0497,-4.1619
3.1117,-6.195
4.8346,-6.0299
2.2524,-5.9319
-1.8577,-4.2865
-2.2167,-5.4273
2.5208,-5.2619
-4.2469,-4.3882
3.3211,-5.5566
-4.2018,-4.0429
-1.0196,-4.5317
-0.0014675,-2.556
0.61694,-5.3616
1.6709,-2.7164
0.18271,-3.8681
1.5836,-5.651
5.1994,-5.6917
-0.46425,-6.297
3.0918,-5.7332
-1.7006,-5.3507
-2.2756,-5.1956
-1.6242,-6.112
0.3771,-3.0198
-0.5653,-4.8298
2.6811,-2.8436
-4.3203,-4.6958
3.3682,-5.0998
-0.82039,-4.9775
-0.63426,-2.3303
-3.6736,-5.7323
3.5924,-5.6416
3.965,-6.8337
1.111,-4.0063
2.2655,-2.5081
1.361,-3.0124
2.2302,-5.7212
-1.4405,-5.7534
1.567,-4.3471
-2.4834,-5.339
3.7902,-6.1386
0.34387,-3.1233
-1.5617,-3.8853
0.24118,-2.9063
-1.923,-4.3029
2.298,-6.4448
-0.68309,-6.1152
-0.79924,-5.1266
1.7933,-2.6402
-0.012328,-2.9067
-4.3376,-6.3008
0.26512,-2.3652
2.8797,-5.7139
2.1004,-7.3819
2.5034,-5.3963
2.3312,-6.3883
3.7587,-8.2938
0.83665,-6.5127
3.1043,-5.5568
-3.8493,-4.9388
0.89719,-2.1882
2.9423,-5.7708
-0.31056,-3.9043
-4.7564,-5.4922
0.94718,-3.9382
3.0689,-5.5035
-2.0773,-5.0754
3.6093,-7.2089
-1.535,-6.0672
-1.9747,-5.6316
-3.1474,-3.8283
0.43616,-1.9714
1.5162,-5.9104
0.014585,-3.235
0.086195,-0.88596
4.2531,-6.4311
3.0836,-6.8312
-3.2315,-4.0319
1.1612,-3.3863
0.87566,-2.588
-5.1335,-5.9722
1.4084,-3.2665
-2.7525,-5.19
4.7064,-5.092
-4.4754,-5.3675
1.1842,-2.7619
-3.7668,-4.3657
0.34465,-2.5243
1.8029,-3.4171
2.3958,-7.1403
-0.50901,-5.4887
2.7066,-5.3893
-2.1181,-5.243
2.2677,-5.3762
0.61934,-2.5089
-2.3343,-4.7749
3.6792,-5.1904
2.2786,-6.61
2.2132,-3.877
-1.3954,-4.2034
-1.6585,-4.8614
-3.987,-6.4448
2.6906,-2.6831
-3.2663,-4.6974
1.8493,-4.9224
2.6108,-2.494
-3.721,-4.9304
-0.26412,-2.9578
2.0788,-2.9204
-3.3984,-4.835
4.3774,-6.7455
2.8608,-5.3996
-0.071238,-3.9261
-1.6965,-3.6908
2.3046,-2.5964
-4.4384,-4.4565
4.0832,-4.337
0.72844,-2.2639
1.0395,-3.1814
3.3103,-5.2359
-4.2943,-4.2025
3.4082,-6.3064
-1.7843,-3.7872
1.6911,-1.9561
4.6003,-5.183
3.1504,-6.1946
3.6828,-6.8911
-3.9081,-2.1732
-3.8881,-4.7949
1.1945,-2.9546
4.1776,-5.6177
0.61363,-2.9812
2.6243,-5.9619
-3.8967,-3.5381
0.52834,-3.272
-0.33302,-5.1094
-3.2135,-4.7474
2.2174,-7.0275
0.64988,-2.8932
-0.26175,-2.2774
-1.3828,-4.9964
-0.88359,-3.7083
-3.0113,-5.4764
3.2765,-8.4259
-3.7968,-5.6205
-0.30375,-2.765
1.0125,-3.3014
0.27777,-2.6274
2.5604,-4.7859
-4.6507,-5.9655
1.4055,-2.6672
3.7115,-5.6527
-1.4978,-4.2791
0.30592,-3.8502
-3.5936,-4.6775
1.4725,-4.8652
-4.3892,-5.5493
-4.456,-5.3102
-6.2384,-5.0593
0.75435,-3.4048
3.3099,-5.5616
1.6683,-7.1912
-3.6043,-5.9748
3.8237,-5.4329
2.586,-6.261
3.7997,-4.8772
0.93626,-2.1125
-4.163,-5.1281
-1.8732,-5.8364
4.2607,-6.8308
1.9406,-3.8684
2.683,-5.685
1.1668,-2.9217
-1.2971,-4.113
1.0156,-3.491
1.9645,-1.7898
3.0764,-6.8815
3.0058,-5.5656
1.7241,-4.6822
1.6715,-3.0352
2.9525,-6.3272
3.8191,-4.8728
-5.3265,-4.5798
0.28588,-4.1266
0.38074,-1.7163
-0.23988,-6.0764
3.1345,-3.826
3.8319,-4.6862
-1.992,-5.4625
-0.56284,-5.07
0.47534,-6.4584
1.6928,-3.5579
-2.4599,-4.562
2.8735,-4.5462
-0.52339,-3.3522
3.6349,-5.8626
-2.5121,-4.0705
-1.1853,-4.9047
-3.8037,-4.6053
-0.26972,-3.6384
5.0845,-4.3898
1.6963,-8.927
4.0285,-5.8334
4.7167,-6.7403
2.2903,-3.191
-6.5242,-4.8946
-3.2634,-5.1354
3.6175,-6.7319
2.724,-4.6217
2.836,-5.1887
1.8129,-5.2332
0.054772,-2.7328
-2.8997,-5.3179
0.65796,-1.5902
-2.2494,-5.8586
-0.96952,-3.6209
1.7121,-2.1675
3.0845,-5.8237
3.4494,-6.6461
3.7751,-5.8951
0.50597,-1.6223
0.99487,-6.4543
2.3851,-6.2536
0.029424,-4.5586
3.8058,-4.3177
-2.7884,-5.1174
2.4029,-4.4807
2.8405,-6.7002
1.454,-5.5542
4.2901,-5.9469
3.165,-5.5834
3.5572,-5.1189
1.0253,-3.3145
3.3094,-2.2559
3.6813,-5.7993
1.5593,-4.9208
1.2378,-6.6145
-1.9811,-5.8105
0.26301,-2.2878
1.7664,-3.8803
-2.7277,-5.0433
2.3867,-5.1535
2.0282,-1.6364
1.0557,-1.7341
-5.0885,-3.9538
-2.0301,-5.6028
-0.53291,-4.5437
0.8,-4.0061
0.63723,-2.5027
-3.884,-5.1174
3.0009,-5.2214
2.5633,-6.2944
3.9311,-5.6406
1.5394,-3.4146
-2.0324,-5.9811
-3.2549,-5.3315
0.35044,-2.1668
5.0347,-5.2063
0.90851,-4.8491
3.1627,-4.2166
1.8253,-3.4269
-1.2245,-5.0779
-2.6861,-5.0608
-1.3995,-4.7755
3.237,-6.0437
-0.28132,-3.6354
-2.1467,-3.8197
2.7065,-7.1264
-0.10169,-5.1672
-3.0811,-4.8357
2.7746,-4.7899
0.96461,-3.5116
-4.0649,-5.378
0.424,-1.3096
4.8607,-5.5841
-1.9534,-4.8873
-2.5685,-5.5004
3.4433,-6.9786
2.888,-6.3284
4.9959,-6.7493
-2.31,-4.8701
0.03544,-2.8617
-2.1279,-6.0372
0.73865,-4.1106
0.67293,-2.9667
1.3492,-3.0846
5.2175,-4.523
0.42221,-4.7063
1.8093,-3.9216
1.5099,-3.4075
-3.3258,-5.3611
-2.5529,-5.4309
0.64546,-4.2493
-4.1949,-4.0702
2.1197,-2.9518
-3.118,-4.8034
0.56384,-4.7221
-4.8774,-4.9557
-0.79213,-4.4598
3.8671,-7.2222
1.7429,-1.9511
1.9115,-3.1807
1.2702,-1.1437
-1.5995,-5.8624
-5.7935,-4.5538
-3.2297,-4.8254
2.5864,-6.2827
-3.1393,-4.6085
0.068565,-1.1536
-4.6142,-2.9284
1.9594,-3.1836
2.7778,-5.9567
4.2227,-8.5963
3.4735,-5.8566
-0.44955,-4.9352
-2.7073,-4.7873
1.7252,-3.6969
3.5866,-8.5455
-2.3182,-5.2183
1.3517,-5.5213
0.64329,-3.3998
3.6919,-7.8382
-3.5374,-5.0282
3.4675,-6.1593
2.7441,-3.8405
-2.6018,-3.8185
1.884,-5.4091
1.3459,-2.8453
3.5146,-4.8357
-4.4919,-4.9097
-2.6486,-5.031
2.6051,-5.6277
3.3543,-6.7328
0.86693,-4.4255
-3.0861,-5.0569
3.1759,-7.6296
-1.3896,-5.3016
1.6388,-5.1575
5.1183,-6.6357
-3.4241,-3.7104
1.1099,-4.5177
0.62837,-1.3657
2.5095,-7.43
2.3586,-4.1892
3.7437,-8.3968
-0.41964,-5.9433
-1.8417,-5.0551
3.8515,-5.5496
0.49952,-3.1547
-1.168,-5.3337
-1.381,-4.769
3.2576,-7.4082
1.3131,-2.6134
1.9963,-5.7434
2.9053,-7.3857
-0.013313,-3.1431
1.1906,-3.4841
4.0658,-6.9589
1.5848,-3.1956
3.7697,-7.3889
0.35139,-7.1402
2.2533,-4.6323
2.5635,-6.6104
2.8577,-7.3151
-0.51448,-3.7699
3.2336,-7.1335
1.8223,-3.2105
2.9148,-5.772
1.0381,-2.0257
-1.9983,-4.2355
-2.921,-5.2689
1.5702,-7.1222
0.37132,-2.9168
-0.24274,-3.4076
-4.6494,-4.9056
-1.8184,-2.3016
1.2602,-3.528
2.3655,-5.1906
-1.3467,-4.4001
2.6007,-8.1411
3.736,-5.288
2.0916,-2.846
4.4585,-6.5763
-0.30717,-4.6694
-3.4999,-5.7596
-2.4478,-4.5194
0.9141,-3.596
-1.8796,-4.2079
2.2218,-2.4785
-0.34309,-3.1834
1.7329,-4.4583
2.7146,-2.1817
2.3053,-5.1572
0.3812,-3.0731
-2.8527,-5.0508
2.8761,-5.589
2.4664,-5.7865
2.7329,-6.0689
0.78043,-1.7977
4.3052,-5.817
-4.4958,-5.341
-5.0443,-4.4179
0.084254,-3.1564
2.9607,-7.7777
-2.6707,-4.779
-4.2146,-5.4707
-4.6903,-5.0856
3.4003,-6.3667
-3.158,-4.9082
5.0976,-6.3866
3.257,-7.7709
-1.7148,-5.1046
1.0222,-4.4927
2.5783,-4.3182
1.2079,-2.7706
4.3016,-6.9211
-5.107,-5.9444
4.5049,-5.5876
0.81865,-3.5013
-2.3702,-4.8101
-5.3347,-4.5458
-5.2674,-3.8948
0.80128,-2.3744
-5.2571,-5.3141
-1.5018,-6.8857
-1.5228,-3.2813
-2.7073,-5.0278
3.407,-4.4607
0.48593,-6.5007
4.4642,-5.5236
0.82403,-2.8039
-0.92906,-4.8261
-2.1284,-6.2154
-2.4377,-5.1224
1.8872,-5.6932
-2.4534,-4.6348
2.8718,-6.5399
3.546,-7.6775
0.78755,-0.76885
1.3837,-4.1141
1.7348,-2.7504
4.3242,-5.6049
-5.3922,-3.9849
3.5915,-4.8893
-6.1868,-5.4123
0.95768,-2.2677
-2.6182,-3.9999
-4.8276,-5.2277
-1.4349,-4.2079
-2.0983,-5.7094
-3.0007,-5.1389
-1.4863,-5.1679
1.9483,-1.838
2.6463,-5.0589
1.4118,-2.9975
1.1671,-1.7564
-2.8317,-4.6539
-3.6211,-4.72
3.8575,-5.2607
2.7702,-5.7033
3.5206,-4.4846
3.7529,-2.6667
0.43277,-3.2002
0.89383,-2.422
-5.1026,-4.9601
3.3754,-4.5912
-2.3922,-4.329
2.6836,-6.7732
1.125,-3.8254
0.66265,-3.9393
2.0567,-6.9614
1.0549,-1.011
1.0343,-2.346
4.3561,-4.4931
-2.4809,-5.3928
4.9072,-5.503
-2.9938,-5.4179
0.15127,-4.841
1.9008,-6.1406
0.41129,-5.5708
-3.7481,-5.116
2.9078,-7.8788
-3.2737,-4.2393
3.6806,-5.3849
2.5183,-6.0349
2.7804,-5.7898
-3.2767,-5.6222
2.2899,-5.8779
2.1677,-6.815
2.7318,-6.3435
3.6167,-5.4668
3.5752,-6.4636
0.91083,-5.7684
-2.2287,-4.758
0.51855,-1.8765
-2.3427,-4.7879
-0.53131,-6.4528
-1.5366,-4.6431
-4.0099,-5.4482
-1.3981,-4.974
-1.7391,-5.7123
-3.6799,-4.8275
3.8313,-4.3473
3.3218,-4.1183
2.5503,-7.3611
-2.7165,-6.8331
1.4959,-6.302
2.5296,-6.381
1.2849,-2.6183
1.7688,-5.21
-2.8776,-5.4744
1.142,-2.6479
1.4031,-5.3557
2.4053,-4.4371
3.0585,-8.4718
2.8484,-6.2107
-4.7323,-5.0616
1.651,-0.48705
3.6847,-6.8119
-3.888,-4.4254
-0.92299,-4.3878
2.2847,-1.7737
-4.7151,-4.7811
3.9577,-6.076
-1.966,-4.3887
2.7238,-5.1247
-2.0416,-4.7932
-0.38455,-3.1222
-5.0829,-5.5605
-2.3416,-5.7251
4.5731,-4.1507
2.353,-5.5504
-0.098783,-2.4264
0.51927,-3.5864
2.1601,-5.2478
2.6579,-2.9024
4.1362,-6.4106
1.0158,-3.8516
-2.8847,-6.9083
0.52241,-2.5867
-1.1623,-4.662
-0.98096,-5.575
4.3455,-4.9434
0.016352,-2.7025
1.736,-6.2597
1.4181,-3.7402
-3.58,-5.1601
-3.2723,-4.6882
-2.2364,-5.3766
1.1685,-1.8859
3.1463,-4.7782
1.2066,-3.0709
3.1417,-6.1238
3.9816,-7.3777
-2.1993,-6.3224
0.91252,-3.6461
2.2162,-7.3491
2.162,-4.5106
-0.36747,-4.3476
-4.954,-4.5089
-4.135,-5.1145
-5.4331,-3.2907
0.56772,-0.92296
2.371,-5.0033
3.9871,-3.6139
1.6927,-4.775
1.2702,-1.8459
0.62771,-2.7313
-3.9968,-5.3899
-0.27865,-3.3174
-5.5499,-4.1319
1.2951,-2.6058
-4.605,-5.1832
4.7591,-6.7285
0.48651,-3.5504
-4.6788,-4.3398
2.5129,-7.308
1.6884,-2.6969
-4.1367,-5.2181
1.7759,-6.4399
-2.5031,-6.272
2.5639,-4.2791
0.50214,-3.9023
4.1151,-6.5603
2.4458,-1.9416
1.5996,-1.481
-3.5935,-5.3578
2.3548,-5.5121
-1.8014,-3.2488
0.43713,-4.257
2.0693,-2.1198
-3.5262,-4.8202
1.7033,-6.2025
-1.5054,-4.1105
-2.011,-5.3371
3.2422,-6.0402
0.85593,-3.1869
-3.5989,-5.254
3.7565,-6.1159
2.5451,-1.5456
-7.2608,-4.788
-2.6178,-5.4635
2.6885,-8.8279
-0.41871,-3.3226
2.0203,-2.0788
4.7049,-5.1914
-2.4876,-3.6435
