-1.136,7.1909
0.081659,6.5398
-4.6551,-0.55105
1.1103,6.5056
3.2156,-6.0277
1.172,6.8799
4.9391,-5.6813
5.605,-5.7815
3.0316,-5.9844
-0.15166,5.7391
5.0074,-4.6424
-4.739,1.0858
4.5202,-4.2211
-2.5135,-0.97348
-3.6079,1.7497
-4.4114,0.63985
-1.1118,5.8368
-3.9284,-1.316
4.8501,-6.259
2.053,5.6436
-5.2471,1.6183
-6.7528,-1.9886
-3.8813,0.90787
-4.8719,0.48179
0.45187,6.7427
1.0775,6.6079
1.5201,6.6168
2.9941,4.9174
-3.403,0.45298
-1.7803,5.5451
4.5942,-6.0957
5.7871,-3.5565
0.87076,5.4569
0.91476,4.8744
0.53606,5.8228
0.96647,5.802
2.7417,6.5199
3.9223,-4.1424
-1.1305,6.6637
-1.7603,5.3325
4.9596,-5.1873
-3.9932,1.9349
-4.1523,-0.82343
4.5268,-5.8578
1.778,-5.1703
-5.3452,0.38674
-4.1206,-0.047628
2.8565,-4.7191
3.0159,-4.388
1.553,6.1683
-1.9221,5.7304
-5.3943,-0.60759
-4.7292,-1.7181
5.151,-6.2771
-5.0645,1.1349
4.1915,-3.5158
0.59804,6.2657
-4.6752,0.46917
-0.13754,6.9851
2.1839,-5.6222
3.7923,-3.4818
3.9529,5.1053
3.6888,-4.4548
3.835,-4.9945
1.4169,6.0047
0.92352,6.3644
-2.655,0.53325
4.7422,-5.3705
1.6389,4.8017
2.943,-5.603
-0.64444,6.7801
0.32032,6.225
-5.144,1.0783
-5.4009,-0.24864
-3.6845,0.35713
3.655,-6.9233
-0.14255,7.712
5.595,-6.2002
-5.6735,0.74754
1.8317,6.5979
-5.0351,0.22968
-6.2339,1.4233
-0.14446,6.5603
3.7701,-4.1432
6.2202,-3.7918
3.5561,-5.0532
-4.6797,-1.2779
0.57929,7.0929
4.7122,-5.5699
-4.4851,0.35539
-4.4306,-1.0209
4.2782,-4.5099
-5.004,-1.2441
-4.3882,-0.8472
-5.4902,0.70543
-1.1129,5.783
2.7595,6.8309
-6.7272,-1.2262
3.2276,-4.0929
2.4852,5.8996
-5.5573,1.1366
-1.284,6.4157
-4.1979,0.24376
0.47833,6.1067
-3.4961,-0.83041
0.29101,5.7986
-4.0803,1.1042
3.1713,-6.379
1.3124,5.2957
-5.5572,-0.57571
1.5167,6.0007
-0.68653,6.081
5.2201,-4.1459
3.0807,-4.8693
3.6825,-4.9652
0.75597,6.033
2.7718,-4.9396
0.15651,6.0186
4.8657,-5.2833
5.1461,-5.2099
3.0321,-4.1691
6.3028,-4.6794
3.7164,-3.7877
-4.6513,-0.38057
-6.0885,0.31853
3.7747,-4.8721
5.0643,-6.3949
-4.3994,-0.084619
2.3548,5.8476
2.3171,-4.3884
-4.587,1.676
0.61412,6.4081
-6.5243,-0.5451
0.61721,6.5274
-1.8703,6.5985
2.0704,5.9847
0.98351,5.639
0.16795,7.1353
4.2275,-5.5407
4.682,-6.1962
1.6281,5.8811
2.3253,5.7011
3.2812,5.4646
4.2185,-5.3713
4.3836,-3.8936
4.7458,-6.3334
2.4964,5.9141
-5.3111,1.4441
-3.3632,0.44707
3.7699,-4.3935
4.0261,-5.4084
2.7143,-5.3546
0.20971,6.0417
4.2249,-5.7978
-7.0025,0.53639
2.2904,5.7232
-5.6561,-0.34855
0.75804,5.9369
-1.4774,5.1286
-6.572,1.1841
0.30459,5.5351
-0.93694,5.2015
-6.0511,0.20583
4.2933,-5.4026
-6.6538,0.13243
3.8953,6.025
4.9525,-3.9194
4.734,-5.3932
-4.6306,-0.52289
4.8419,6.6424
1.9539,5.5981
3.1325,-5.1216
4.5173,-6.25
-5.9362,0.93983
5.2302,-6.0323
-4.9017,-1.3621
-4.3697,-0.79187
3.0785,-5.2142
-0.90862,5.368
1.6148,5.2582
-5.3215,0.66297
-4.3723,0.58548
-0.60189,6.3885
4.9271,-4.498
2.329,6.1668
1.8422,6.0999
-5.2116,-0.21699
-5.288,-0.6958
5.7027,-4.9591
3.6186,-5.6899
-0.34788,6.7945
4.5156,-5.2171
-0.60608,4.9352
4.1499,-4.1382
3.5166,-5.2107
-4.6579,-1.5452
-0.082418,6.9643
1.1525,4.8785
-4.0203,3.6435
2.7733,6.7321
3.6815,-3.5085
-5.3427,-0.76845
-3.3528,-0.21146
-6.2442,-0.75043
3.9683,6.1659
-7.1247,0.19789
3.3775,-5.9056
-4.7745,-0.14531
2.5774,-6.4471
-7.3211,-1.7468
3.11,-4.7152
-7.8975,-1.56
2.415,-5.4023
0.48392,5.6262
-0.326,6.4671
-5.1621,-0.58329
0.17425,6.6356
1.5444,5.8256
-4.8857,1.5295
4.4862,-5.0897
5.4564,-4.9013
3.6249,-3.4059
0.87308,6.6204
3.3149,-6.0614
4.3827,-4.74
4.2959,-3.9683
-5.419,-0.45388
-5.3604,0.57067
-2.2558,7.1884
3.0917,-5.7652
1.1767,6.7756
1.1877,6.9891
-4.5455,0.68014
-5.4775,1.2012
3.7418,-5.0401
2.8906,5.3833
0.89832,5.2068
-4.8815,0.82607
4.7949,-3.8045
5.0826,4.7239
1.8372,6.6861
4.8581,-5.9899
4.5118,-4.624
1.1186,5.4354
1.1285,5.377
3.41,-5.4515
1.5013,5.1687
-5.4192,0.62032
2.9049,-4.7024
2.0915,5.8426
4.093,-4.2801
-5.4845,0.5665
-0.23222,5.6354
-3.2481,0.2261
-3.1188,2.3395
-4.8196,0.58515
-4.2037,-0.24908
4.4911,-2.9764
0.83954,6.1568
3.5735,-6.5513
5.2255,-4.7616
4.7702,-5.23
3.8687,-5.2804
-3.7457,-0.35854
-6.5853,1.3465
4.4711,-5.3882
4.3642,-6.2929
1.1111,5.2574
-7.4203,0.80137
4.8846,5.7817
-3.8145,-0.5453
-4.9551,-0.20003
3.067,-4.9884
-1.3546,6.1058
2.9384,-4.4749
-6.4419,-0.91904
1.2217,7.1417
5.4168,-5.1691
1.2678,6.8642
4.3332,-2.4223
4.0752,-6.6286
-4.3095,-0.4133
-4.2684,0.16448
3.6824,-4.913
-3.1084,-0.6377
-5.2171,-0.57836
2.8947,-3.5461
-5.2089,-1.0576
-6.1388,0.37279
-1.0734,5.7717
4.5216,-6.2624
3.7277,-6.5661
3.0604,-4.8614
-7.5854,-0.20145
-5.7097,-1.4553
5.8752,-5.6354
4.2758,-5.7773
4.3487,-6.3104
1.0604,7.1007
-3.8621,0.47037
-6.0808,0.85459
3.1246,-4.4911
4.5952,-6.4319
-0.86872,6.707
0.28627,5.4087
2.3324,5.5812
-4.7678,-1.3692
3.8715,-5.1794
4.335,-6.4485
0.2643,5.8037
1.1753,7.0118
2.8991,5.8087
0.90894,6.9109
4.5761,-5.1232
1.8865,5.9302
5.4614,-5.9357
-6.4823,-0.9763
2.8917,-3.7662
1.6319,7.4679
0.90518,7.1578
-3.5505,-0.71573
2.9515,-5.1309
-3.7217,-2.9517
1.769,4.6636
-5.8619,0.16445
-6.0566,0.69217
1.625,6.6192
4.9825,-4.0881
0.52351,5.642
0.83731,4.8557
-4.0333,1.268
-3.9354,1.8018
4.5801,-5.8617
-0.96405,5.5101
-4.087,-0.8065
-4.9733,-1.3779
-4.6876,-0.67736
-4.5321,1.2947
3.5597,-4.2422
1.6235,6.8542
-5.4301,0.42076
-3.0452,-0.6595
-5.9338,-1.5647
3.71,-3.2546
4.6565,-6.9796
3.8639,-5.335
-2.537,5.66
5.6566,-4.9498
1.5836,6.9504
-0.11827,6.2213
-5.7384,0.84923
-4.9706,-0.26097
1.0172,6.3914
-4.9185,-1.1252
0.86311,5.0627
-6.0833,0.37896
-6.278,-0.43683
4.6615,-6.08
2.5681,5.287
-5.734,0.45748
2.2345,-2.908
-5.3688,-0.85036
3.7803,-5.1582
-5.0233,1.1152
-6.3001,-0.81696
-5.7068,0.11583
1.2355,5.8066
3.7008,-3.1533
5.0791,-5.9939
4.0934,-5.2365
-5.4749,-0.56456
1.6618,5.8147
2.6004,-5.5339
0.83815,5.8608
-6.0666,0.84006
0.32413,6.7876
3.8371,-7.3941
1.2699,5.466
-4.0054,-0.43746
-4.485,1.3352
5.5528,-5.7971
3.4598,6.4542
-5.3495,-1.0496
-3.4144,1.3555
3.4653,5.2145
-3.8408,0.26589
1.2451,5.2244
3.8316,-5.4128
1.0951,6.1506
-5.1383,0.368
3.0892,-4.9089
-3.9731,-1.054
-5.2196,0.31478
4.3387,-6.5491
-5.4765,1.7846
5.6569,-4.9002
-5.8498,0.94128
1.2842,7.3757
4.3038,-4.3354
2.763,-4.6668
-1.5469,6.6308
-3.6634,-0.39573
4.9777,-4.9888
-0.78713,4.5157
-3.4545,0.71836
-3.9271,-0.64875
-5.1376,-0.17787
6.0951,-4.607
4.8102,-4.4051
1.3137,5.5252
5.0711,-5.4262
3.4326,-4.8092
-3.6505,1.1034
-5.1052,0.044717
3.4146,-3.8302
3.0666,-6.3619
1.1541,5.445
-4.7888,0.8674
1.9028,5.1188
-0.84509,6.9221
-5.0328,-0.39625
3.4846,-4.0345
-1.5012,6.0146
3.3541,-4.6056
-5.4365,-0.53913
4.8339,-3.0662
3.8879,-4.4909
-4.7212,1.3182
1.7224,4.8998
-4.7408,-0.51912
5.0976,-4.616
4.3143,-5.5987
3.9951,-3.1864
2.3873,-5.6236
0.23855,6.219
-6.0162,-0.0072144
3.0019,-5.6102
-4.8473,0.47634
4.9178,-5.2993
-2.3588,-0.31419
4.2159,-4.9568
0.69641,5.7937
4.0195,-6.1002
-4.5037,-0.92013
4.2989,-4.855
-3.5335,-0.90705
-4.7111,-1.5293
-1.1496,5.2818
3.0431,-5.3766
4.0021,-3.2304
0.63059,6.3363
-0.27979,5.3579
3.3208,-5.3752
-5.3847,-0.18324
3.2725,-5.3375
4.6593,-3.8595
5.0457,-5.3733
-5.2066,-0.4726
-6.4216,-0.44258
-5.7769,0.13167
4.7415,-4.1795
3.7842,5.9816
1.91,5.4816
0.8936,4.7651
-1.1066,5.5907
2.089,5.8588
2.3723,6.295
-4.165,0.1988
5.425,-4.9776
3.7553,6.4552
3.9605,-6.3282
3.2124,-5.4946
3.2704,5.6459
-1.3903,6.1436
-0.094189,5.718
3.9546,-5.0282
2.573,6.0817
0.79583,5.0191
3.1685,6.3945
3.3412,-4.5643
-4.4291,0.4107
-5.1762,-2.4137
3.5346,-3.1194
-0.095257,5.9181
0.43262,5.8822
1.5528,6.5217
1.368,5.1851
-2.2281,-0.89631
-3.2406,0.23405
4.2596,-4.7176
-5.0277,1.6107
1.3144,6.5503
-5.1388,1.0573
-0.074977,5.2474
-4.3299,0.085894
-1.2627,6.2171
0.23697,5.8397
3.0108,5.6721
-5.5318,-0.86015
-3.9133,1.0104
-4.7599,0.25412
3.7894,-4.0119
5.7072,-5.8328
1.4963,6.4617
-4.5039,1.0925
-6.193,-0.027613
3.1731,-6.0124
1.46,6.7135
-4.8451,-0.40049
4.4523,-5.5492
-4.6705,0.27497
-0.4913,6.372
3.5726,-4.8961
1.0549,6.1421
-6.3645,-0.28743
-0.052813,5.9015
-0.87077,4.6894
2.1617,5.1492
-6.2115,2.152
3.4183,-4.6881
-6.1164,-0.20307
-4.2674,-0.50247
3.6818,-6.1587
4.3651,-5.5234
2.2604,-2.7967
-4.2837,-1.2
4.0884,-4.4605
-6.7858,0.085867
3.3319,-4.0886
3.4709,-6.3414
4.9652,-5.074
5.6726,-6.5599
-4.8772,-1.7294
2.8426,6.755
2.3029,-5.0806
-0.92373,5.9203
1.362,5.8637
-6.6233,1.4865
3.403,-4.8114
-1.5966,6.0005
4.1712,-3.5657
-4.9788,1.115
-4.6015,-0.11765
2.0206,6.1276
1.0924,5.8911
1.1834,6.5259
1.5248,5.7246
1.6648,5.1265
4.0836,-5.302
2.2293,6.4287
4.6355,-4.1434
-6.9692,-0.99284
-3.6704,1.2777
-5.0682,-0.82122
4.1124,-5.8838
3.1057,-6.4916
4.2919,-3.6549
1.5379,7.1104
-6.2056,0.11102
-2.5644,0.20352
-3.0828,-0.6005
-4.6162,-0.46228
2.7368,-4.4488
-5.1963,0.83382
-2.1627,5.6378
0.13897,6.661
-4.0047,0.2313
3.5354,-4.033
-0.017286,5.8759
-4.1146,1.1897
1.1012,6.0042
5.0888,-4.6957
-7.4242,0.31245
2.9738,6.2849
3.5469,-6.4855
1.2009,5.6348
5.0226,-4.3434
4.7307,-4.9845
4.2333,-4.7593
1.7655,6.4058
4.738,-4.89
-5.9152,-1.8399
-1.5088,5.6078
2.1572,5.7599
4.1735,-6.159
-0.61977,6.174
-6.4433,-1.2756
1.9858,7.2793
-5.5198,-0.074541
2.4002,6.0328
4.668,-4.1942
-3.8928,1.2069
4.6244,-5.6593
-6.5022,0.73998
2.6641,-5.1234
4.5291,-6.1571
-5.4439,-0.97123
0.90046,5.3403
2.7351,-5.7724
-4.3266,-0.028077
-8.0073,-1.0807
-3.5128,-0.95618
4.0267,6.8712
4.5754,-7.5837
4.9848,-4.5689
1.1004,5.9205
-0.097916,6.5627
-7.0986,0.39141
-5.116,-0.44877
3.8556,-5.3071
-5.2375,-0.77911
2.8695,-4.5784
2.449,-6.1107
-4.863,-1.326
0.17437,5.7259
4.7258,-5.5326
-1.2163,5.7515
-4.316,2.3853
2.2481,-5.945
4.2465,-5.6307
0.36248,5.2788
3.4578,-5.0504
3.8262,-4.8585
-6.5536,-0.36142
-3.7722,0.75127
2.6216,6.5589
-5.0349,0.41903
-4.8236,1.5631
-6.189,0.96688
3.5905,-4.8127
-0.55685,6.3193
-5.0494,0.096638
1.7271,5.2202
-4.6533,-0.95703
3.748,-3.4974
-4.8924,1.4706
-4.5257,0.80337
5.6427,-3.8633
-1.1106,5.5362
4.8873,-4.9766
0.37201,6.3556
-6.2256,-1.5371
0.28815,5.3895
1.4833,6.4499
1.1692,4.817
-7.2547,-1.274
5.0319,-4.9915
-5.0935,0.60452
1.0615,6.5766
-1.9787,5.6632
-6.1164,-0.2536
-5.1108,-1.4776
4.8033,-4.7112
3.8099,-4.8296
3.1696,5.713
3.1281,-4.0094
4.5124,-3.6271
-0.98714,6.7344
-4.638,0.43954
-6.4463,-0.82122
-6.7908,-0.77115
1.5881,-4.6509
1.9025,5.4451
5.6316,-4.3928
-5.9651,-0.4376
3.6285,5.2191
-0.33303,7.0763
-5.8737,-1.9143
-5.2257,-0.10849
-5.2851,-1.079
4.2849,-5.2135
4.8334,-7.1183
4.5671,-4.8881
-3.9828,0.49833
3.579,-6.9677
-5.1485,0.24712
1.9654,5.3981
2.2602,-5.4517
4.7108,-2.9724
2.2741,6.4129
-4.2628,0.14341
2.3891,-3.9072
-5.2668,0.16658
-6.3092,-0.11412
-4.2939,-0.18748
2.5139,6.4365
-5.7356,-0.65155
3.2769,-6.3186
-6.5867,1.6672
4.1759,-5.4326
-4.5236,1.291
-4.4047,1.3667
-4.5425,0.43594
3.8734,-5.1497
3.9372,-6.0956
5.8499,-4.9584
3.6018,-4.8031
5.0313,-5.6211
4.3964,-5.3391
5.0208,-4.5289
-5.7486,-0.97332
-4.9799,-0.55748
4.1113,-4.312
1.8509,6.2195
2.2437,6.316
2.8121,-4.9178
-5.788,-0.095194
2.9133,5.6093
-4.8864,0.16574
-5.4567,0.34688
3.6062,-5.382
4.3621,-4.1335
0.6097,6.66
-4.3133,-0.8008
3.8231,-5.2158
3.6104,-4.917
1.0325,-4.3479
4.7528,-4.4224
3.6127,-4.2762
4.5253,-5.2695
-1.6392,6.5731
0.29026,6.2593
4.4905,-3.2776
1.1121,4.598
4.4158,-5.0633
2.9654,5.5597
1.1498,5.5979
5.1857,-5.1321
-5.1974,0.30953
5.091,-5.0459
4.8067,-6.0282
3.6406,6.9413
1.9232,-5.2879
-5.4823,-0.63065
-4.7985,-0.25914
-1.2279,6.7256
3.3094,-4.4954
4.8645,-4.0323
1.8276,5.7389
-6.2898,1.0643
4.3545,-6.5477
3.2792,-5.127
4.5436,-6.3651
4.1875,-7.334
-5.2192,0.47038
3.4335,-3.6834
2.6852,7.0837
-6.1757,-0.2532
-5.5336,-1.8766
3.7822,6.154
-3.9173,-0.45612
-1.1387,6.468
-4.7687,-0.67633
0.10388,4.449
4.3338,-4.043
-5.4461,-0.45181
-4.6088,0.49373
3.5653,-5.1175
4.3534,-3.2233
-4.7115,0.84669
4.8773,-5.0052
-5.4066,-2.3125
-0.49527,5.5774
-6.2618,1.7414
-3.2055,0.72167
3.8964,-4.5047
-4.95,-1.6706
3.0793,5.494
0.21296,5.9275
-3.3533,0.48477
3.2074,-4.4174
2.7824,6.2468
-0.69279,6.0739
-5.0471,1.0003
1.7673,5.3147
6.0635,-5.3975
-3.7638,1.124
-0.63552,7.2223
-4.4053,0.1853
1.5251,6.5124
3.3429,-6.7272
4.5744,-4.3723
-5.0074,0.20657
4.1772,-5.0716
-6.6006,0.85323
0.13293,6.3568
5.4709,-6.32
-5.7384,3.0933
3.5499,-5.6405
4.0571,-4.6455
-5.3507,-0.30354
5.3717,-6.1948
3.6703,-5.794
3.0627,-4.8248
4.0878,-4.7956
-2.0275,6.895
4.2736,-5.6869
-4.0174,0.5836
-4.088,-2.1886
0.73797,5.8205
0.023076,5.9893
-4.7253,0.91239
1.2543,7.0863
4.6227,-5.1447
5.6169,-4.3802
3.6621,-6.35
-0.074826,6.9365
1.6645,4.9406
0.22678,7.4858
-5.0763,0.47629
-0.98923,6.2396
2.7765,-4.8018
2.931,5.6527
-3.1982,5.8342
-4.4857,-0.24664
-5.544,1.043
3.9357,-4.8111
1.1306,5.6471
-3.9716,-0.14605
-1.641,5.5842
-5.7224,2.1809
-6.4767,-0.057287
-0.19823,6.7412
4.8324,-5.6049
2.6605,-5.369
-5.1278,0.052585
3.6011,-5.291
-6.4944,-1.3825
2.1582,-5.2762
-4.6897,-0.50144
-3.7465,0.61334
5.27,-5.6023
4.3724,-4.5371
5.4926,-4.3191
5.1251,-5.8166
3.9621,-4.3444
2.1394,-6.5793
1.7405,7.3149
-6.4026,-1.3832
4.0727,-5.2408
3.668,-4.6806
1.6108,6.8931
4.4046,-6.0689
5.6153,-4.0328
-6.6837,-0.32766
-5.2443,0.72855
-5.0852,-0.05449
7.6179,-5.6717
1.5737,6.4228
1.1044,6.6003
3.2031,5.3996
6.2904,-6.3847
1.4314,7.1419
5.3977,-3.4905
3.2558,-4.3495
1.0357,7.1778
-3.835,-1.5449
2.7485,-4.1042
3.048,-1.3836
4.5305,-6.5001
3.3544,-4.3559
5.4318,-4.965
3.3507,-3.7185
0.63712,5.0589
-4.6799,0.38523
4.676,-3.6157
-4.5729,-0.9986
-5.7769,-0.74564
3.412,-3.7441
4.4285,-4.6232
-5.0164,-0.87579
4.4507,-6.1777
1.1937,5.4843
3.5568,-5.8043
0.95048,7.1082
1.19,5.9215
2.951,5.7914
2.8196,-4.6182
2.1793,4.4045
-3.94,0.11469
-4.0292,6.0058
3.1612,-3.9749
-4.3026,0.29675
1.5259,5.6569
-5.261,-1.7243
-5.3198,-1.4207
-0.78567,5.6398
-2.5974,-0.33699
-4.6189,-1.4113
1.4148,4.9381
-5.6224,1.9071
-5.4328,0.97122
1.6203,6.3765
-4.8314,-0.16697
5.1802,-3.2076
-3.6364,-0.94527
2.415,8.0157
4.3376,-7.1063
1.2239,5.6218
-5.2777,0.019245
3.1572,-6.1467
4.9684,-5.1103
-4.8379,1.0782
-3.3014,0.25016
-0.72419,5.9624
-3.9208,0.58614
-5.4729,-0.071762
-5.9277,0.47423
-3.7598,-0.51649
-5.0256,-2.6034
1.8601,6.2976
2.4953,5.5055
3.0351,-3.5871
3.3541,-6.0329
4.5067,-4.1859
-5.1123,-0.0062465
2.3686,-5.129
2.8974,6.4101
2.9204,-3.1769
3.8707,-4.4803
-6.374,-1.6653
4.4798,-5.3339
2.9157,-5.1814
0.73168,6.0304
-7.6543,2.9201
1.0167,5.6008
2.2273,-4.0736
1.5963,5.9713
-5.8809,0.83302
-3.5806,0.37282
4.2314,-4.065
2.3372,6.4951
3.8253,-4.7211
3.3116,-3.2259
2.5187,5.3525
-5.4938,-0.39382
4.3953,-5.5974
4.1658,-3.0121
2.7315,6.1089
-0.70698,6.0624
4.9135,-5.8567
3.7396,-5.4292
1.9954,-3.4465
2.4526,5.4319
5.682,-4.9858
1.4831,6.8968
1.9015,5.1244
-5.8546,1.3482
-5.353,0.10238
-4.2997,1.5714
2.3873,-5.5213
3.982,-4.8124
3.7213,-5.7066
4.4727,-3.8895
3.5297,-6.0435
-5.7767,-0.2371
-7.3876,-0.35996
-2.547,6.5383
3.4753,-6.1835
-5.7262,0.65545
-3.8871,0.96165
-3.6661,-0.33128
-3.8443,1.1629
-4.5324,0.024756
4.2748,-4.9011
1.7976,5.3773
-4.8206,-0.23338
1.3532,5.8634
5.8359,-4.591
-6.0665,-0.42714
-4.2896,0.87435
0.69421,6.7828
0.27293,6.2091
0.77771,4.6996
1.433,5.4311
-0.21601,5.3673
-0.89026,5.3533
2.9284,6.3051
-0.083286,6.1454
2.4814,-5.0516
-5.7657,1.1573
0.057406,5.0654
-0.67763,8.3713
-4.5266,1.0837
1.0101,6.087
-6.3689,-0.039845
0.61382,4.6837
-5.1188,-0.25221
3.0951,-4.7175
-3.7441,1.0987
-5.3091,-0.37219
3.2005,5.8721
-4.5928,-0.71236
3.9319,-5.5209
-5.0677,-0.99189
-5.421,1.2105
5.3031,-4.8057
-4.7451,1.2197
0.42416,5.5788
-5.5023,-0.0094769
-0.04339,5.4271
-1.6743,5.3936
-4.4278,-0.29236
-5.7005,0.59951
4.9537,-5.6947
0.79722,6.914
-5.8057,-0.59582
2.8904,-2.5937
1.914,6.2591
-5.4308,-0.37079
1.9302,5.9959
0.89018,5.9181
0.39709,6.0366
1.3842,5.7117
1.3558,5.2736
-4.0244,-0.1305
4.5725,-5.2449
4.6028,-5.7827
-0.33129,4.6961
-4.5124,-0.45056
3.4004,-4.7168
2.4396,-4.3832
5.6572,-4.0067
0.13442,6.1105
4.5738,-4.4878
4.0428,-2.8367
1.458,5.7002
0.10946,5.3737
-4.0876,-0.70505
0.39736,5.8025
-2.8273,1.36
3.4049,-5.3069
0.54964,6.3041
3.3295,-3.0168
-5.3595,1.5702
4.3173,-3.6547
1.2152,6.0041
1.7602,6.5092
2.833,-4.2093
4.7364,-5.8454
-5.5478,-2.152
1.2381,6.4283
3.5216,-5.4717
-4.146,0.39912
-5.1836,-0.35329
-4.4096,-1.6633
3.0187,6.5544
-4.2632,-0.22281
2.5934,6.1366
3.0569,5.4636
5.1612,-4.9627
0.14254,7.5217
-4.1724,-1.0338
4.302,-4.0791
3.2132,7.1997
-5.124,0.059031
2.7721,5.1413
-3.0449,0.16494
-5.1389,0.49521
2.329,-4.8151
-0.425,6.1374
-0.3172,4.7328
0.95247,6.8348
5.6437,-4.5281
-0.78656,6.0448
2.3008,5.3132
2.8796,-5.3778
3.0185,-4.7403
-6.5063,1.877
3.7649,-5.8845
2.9496,-5.3567
0.026015,3.9503
-1.41,4.413
0.56867,7.5022
1.0861,4.7306
4.3046,-3.7018
-5.6304,-1.2166
-1.4913,6.535
2.5801,-4.5282
1.1762,5.4956
-4.2096,0.29608
-3.5979,2.1983
1.569,6.2463
-5.3567,1.8897
-0.57411,6.7856
0.82986,6.4333
-3.2721,-0.20659
0.99464,6.8049
1.4205,6.2531
-4.858,-0.87975
4.8125,-6.8582
3.3218,5.684
-5.5283,1.6445
-3.9788,-0.049567
4.5954,-4.4244
1.9685,7.4577
0.91542,6.8104
-0.53536,5.0983
-5.3503,-0.26375
3.2958,-5.5789
-6.2104,-0.24739
0.044998,5.1873
1.5459,6.5488
4.8875,-5.1389
1.9845,6.2652
2.7496,6.1854
0.44973,6.1643
5.5169,-3.661
1.2655,5.5566
2.3457,6.2229
2.4932,7.4249
3.1348,-3.8255
2.1117,5.8801
4.0263,-6.1049
-7.9045,-0.69931
-4.2616,0.011649
-4.4571,-1.2068
-5.987,-1.0875
2.5218,-3.793
2.4351,5.1282
-6.199,-0.70314
4.9509,-7.5107
0.61499,4.3305
5.843,-4.7486
-7.2271,0.77526
-5.8367,-0.42515
5.92,-4.4239
1.951,6.5264
-5.5767,0.0044654
-4.0853,0.56953
-5.1601,-1.4597
4.5663,-6.4843
1.3519,6.0698
-0.12789,6.224
-2.9068,-0.40949
0.59392,6.0306
-5.672,0.55638
2.3567,5.0553
-6.1144,0.65272
-1.2028,6.8206
0.28733,7.4599
-5.2581,-1.0723
-4.8178,-0.020836
-4.8363,0.43634
3.5219,-3.2265
1.2859,-4.5067
-4.8332,1.7355
3.7457,-6.4155
-4.57,0.58466
4.7511,-6.4604
3.6355,-5.3048
1.2334,6.207
-4.4214,0.70609
-5.3316,0.20794
-0.29554,6.2939
-6.0747,-2.6417
3.1848,-3.0922
-4.9057,-0.76005
5.2493,-4.9727
-3.8591,2.4309
0.47692,6.0899
1.0077,6.3831
-0.059459,5.7723
2.1402,5.2816
-2.8335,-0.14852
1.488,6.3381
-1.412,5.8823
-5.1439,1.5752
-6.3617,1.8383
3.1184,-5.9491
2.7056,6.0762
2.6747,-6.0949
-6.615,0.69125
-5.7059,0.83505
3.2305,5.0583
-6.2934,2.3399
2.4625,6.6156
3.4234,-5.9986
5.2441,-5.7949
4.9514,-4.1078
1.4385,6.1276
5.6583,5.6103
3.0651,-4.4883
2.473,-5.9081
-5.336,0.5066
2.5132,-5.5394
-6.367,0.53359
-4.579,-0.38408
5.9657,-4.5856
0.28863,5.0107
-3.3679,-0.42509
4.1277,-5.1479
2.8257,-6.3228
4.8664,-5.2751
1.8897,6.3742
1.71,6.0699
-3.7923,-0.87863
4.5206,-5.2094
2.8108,-5.0106
2.3667,6.4149
2.1547,6.1791
1.8131,7.0991
-0.025896,5.767
1.4239,5.7577
-4.8517,-0.27882
0.147,6.0646
4.0489,-3.8882
3.4888,-2.7167
-4.6177,1.6892
4.4789,-4.1989
-5.2322,-0.65936
-6.1125,1.345
-6.2614,-0.84265
6.8147,-4.2658
-5.6774,-0.80022
2.3644,7.0789
4.8334,-3.9368
-4.7665,-0.039948
-6.7372,1.4085
-0.77956,5.789
-5.3891,-1.1562
4.8871,-6.4155
0.34568,6.0691
4.0613,-4.1266
-4.8066,-2.4533
0.05031,6.1953
3.4108,-5.2508
-4.59,-0.47822
0.43581,5.9561
0.6624,5.9474
3.0726,-4.8383
2.1502,-6.5563
-4.3858,-0.18844
-2.8535,-1.2985
0.82253,5.5293
-5.5834,-0.51163
0.75034,5.439
3.8408,-3.3693
3.1183,5.7126
1.5186,5.9823
2.1632,-5.038
4.4433,-5.3859
4.8386,-4.9386
-4.4443,-0.71374
-6.6115,0.79024
-4.0614,0.24734
2.7075,6.3306
3.3012,-3.8917
-5.5135,1.139
0.26825,5.0406
1.3744,7.1415
3.648,-4.221
0.7846,5.8415
-4.2289,-0.88213
2.2882,5.8878
4.0834,-3.8184
4.9567,-3.8151
3.0211,-4.8084
-2.248,0.04883
4.239,-5.1672
3.6038,-4.0989
1.6825,-5.3248
-5.8292,-1.3539
-5.3384,-0.2958
2.0457,6.8925
2.1598,-5.3341
1.887,5.7833
0.078365,6.4183
2.1673,-4.2827
4.0982,-4.3671
5.121,-4.6275
-3.238,-0.088315
-3.5722,-0.57332
-4.5602,0.78951
2.9882,-5.2666
2.997,-5.7406
-1.477,5.5732
0.056465,4.8839
2.3843,6.1137
-5.418,0.79375
4.4593,-5.1736
-5.787,0.39728
4.8996,-4.223
3.8202,5.7743
-6.017,0.78695
-5.822,0.46586
3.6857,-7.7316
4.2301,-6.5507
-4.7195,0.090504
-4.7139,0.63169
4.0272,-3.6824
3.0005,-5.4386
3.778,-5.759
-3.3353,0.25012
-4.9514,1.285
-0.41908,6.6739
-4.4697,1.1173
1.9402,4.9854
3.9453,-3.9716
-5.6924,-0.58626
3.8101,6.6668
5.2558,-6.5458
4.5003,-5.7245
-4.8383,-0.77741
3.832,-4.771
-2.2333,5.6537
-6.2437,-0.24764
2.9598,-5.521
-4.279,-0.46093
1.57,6.4847
-6.4749,-1.1574
1.2207,6.4423
4.4383,-4.6181
-1.0738,6.1811
-4.8746,-1.0427
2.1073,6.0368
-3.9682,1.9413
-4.6071,1.3342
1.5099,5.4403
2.5318,-4.537
2.0766,-5.5448
-4.4076,0.52359
4.7555,-7.1046
0.76047,6.5109
0.60455,6.1912
-0.19934,6.9962
0.2242,5.7068
2.9733,-5.5711
-5.4846,-1.0539
-7.6926,0.30288
2.3059,6.7308
0.95736,7.5626
0.56581,5.7227
4.5298,-6.7503
4.4537,-5.7249
4.946,-6.3203
3.6365,-4.8993
-5.482,-0.97887
-4.6044,-0.074587
4.6018,-4.5258
0.011197,5.6814
4.3255,-5.1698
1.3596,5.9493
-6.5384,1.2735
-5.8196,-0.99738
-3.3498,0.41504
3.1398,5.9386
6.225,-5.0354
-5.1097,0.62897
4.8965,-4.2634
3.5038,-5.6209
-4.9286,0.2337
-6.5043,-1.1182
0.25719,5.5288
-0.51231,6.3873
3.362,-3.8617
1.34,5.9423
-5.047,0.25408
4.2281,-5.4436
4.7582,-4.5915
1.117,6.2148
3.7965,-5.0852
0.25966,5.7522
-1.3387,7.8991
0.70162,6.5691
-4.0506,0.60294
-6.7669,0.79928
1.3335,6.4565
-0.96128,6.3962
-5.3963,-0.75255
3.234,-5.6148
-5.3139,-0.60799
5.6539,-5.0848
1.1117,5.5355
-4.617,-0.36612
3.9792,-4.5376
-3.6532,1.4312
2.8778,6.4041
-3.286,-0.23253
-4.4779,1.9967
2.1939,-5.4133
-3.4528,0.93965
1.6643,5.1738
2.0564,7.4065
-5.6145,-0.51347
-5.2557,-0.57329
-6.129,0.6835
1.8172,-6.0816
4.3475,-4.9276
2.401,6.5818
3.6312,-5.088
-2.7637,1.5309
5.0798,-5.5122
2.272,4.5187
-6.867,-1.5098
-4.5341,0.8538
-5.3824,-1.2714
2.3026,6.2937
-4.5506,0.071893
-0.73478,5.7803
4.1721,-5.8504
-6.5816,0.77313
-6.7858,-0.8733
4.2484,-4.984
-4.6966,-2.3174
2.156,6.3346
3.9064,6.0443
2.4524,6.4999
-3.0288,0.84218
-4.5143,-2.0379
-4.3663,0.79319
4.9673,-4.4984
0.24727,6.0055
-5.7294,-0.6963
3.3167,-2.1877
4.0793,-3.9097
-4.6663,-0.15421
-5.6197,-0.84985
4.3761,-2.8494
2.314,5.4025
-0.35091,6.0079
-5.6796,1.0704
4.764,-5.2139
3.2588,6.7165
5.8938,-4.8214
-1.6573,5.9349
-5.9054,-1.4631
-5.3481,-0.089095
-4.1388,2.748
4.4555,-4.4404
-2.7708,-0.47853
-4.7252,-0.40262
-5.1586,1.5512
3.3443,-5.818
3.7452,-6.2864
-6.4194,1.6785
3.2617,-6.3916
-4.1935,-1.2255
1.4405,5.6318
-4.4074,0.091812
-5.877,0.53384
-4.1501,-0.3714
-0.25378,6.1634
1.7574,5.3745
0.7513,5.7048
0.58333,5.6684
-1.0476,5.6422
0.63965,7.7841
2.7984,7.5159
4.7999,-6.2592
4.0628,-5.4931
2.0651,5.2467
2.2408,-5.5625
4.5295,-4.4246
4.4117,-5.1152
-3.6709,-0.56304
0.63572,6.0099
5.4173,-6.2055
3.9692,-6.368
3.8757,-4.6467
0.68542,5.499
-5.4938,-1.6146
4.493,-6.5299
4.9785,-5.0067
-5.0226,0.35051
1.8827,7.4264
-3.5045,1.1327
-5.2656,0.36811
2.1676,7.4644
2.2869,6.0834
3.466,-4.0707
0.54648,5.3798
-1.5227,5.8473
2.8384,6.8509
2.3275,-5.8909
4.8609,-3.9798
-4.432,0.33418
0.92123,6.4363
2.4406,-4.5106
-5.3997,2.0437
-5.0021,-0.54172
2.3931,5.0466
2.7033,6.1845
1.921,6.4147
0.064119,6.6294
-7.0306,-1.0906
-6.0389,-0.024952
-5.0503,-1.4347
0.050218,5.3203
-5.7351,-0.51365
-6.8954,1.5975
1.9226,5.5305
4.1375,-5.4696
1.8031,4.8905
-4.3907,-0.75808
-5.4795,-2.2414
4.6315,-5.3675
4.1242,-3.8201
5.0713,-5.3179
3.7615,-6.7861
-4.2489,-1.1364
-0.48367,6.2411
-5.9803,-1.4126
-0.64643,6.2681
-7.2374,0.28266
-0.98855,6.8056
-3.4892,-0.016449
-5.4096,-0.015053
-2.632,4.1251
-5.0619,0.63266
-5.6721,1.4546
0.018683,5.7955
3.6369,-7.0685
3.7705,-4.4915
-1.8145,7.2168
-5.3649,-0.84332
1.984,6.0328
-3.6267,1.0472
3.2464,-4.8794
5.0789,-5.776
-3.9034,0.53672
0.41245,5.8609
0.67417,5.9022
-5.7158,-0.60224
-1.4019,5.843
3.9861,-5.2695
4.4159,-5.2443
-4.526,0.70681
2.5271,6.1176
4.0358,-4.0983
2.9629,6.0943
-5.3911,1.5719
5.9685,-3.9181
-5.2769,1.845
3.0297,5.2739
4.7787,-5.116
-5.4854,-1.0106
-5.517,-1.3876
-3.2569,-0.49898
3.9893,-5.9628
-5.1589,-0.62805
-0.50097,6.44
-4.2316,-0.74151
-0.029397,6.185
2.139,6.3134
5.8057,-4.8075
0.64373,5.253
-4.7939,-0.85094
3.9946,-3.3874
2.1224,6.8857
1.8207,5.6864
4.3772,-4.9984
-4.3621,-0.54217
3.7241,-5.1174
-0.48955,6.2479
-4.8978,2.014
2.4204,7.0789
-5.3944,0.39028
1.1848,6.5224
4.1839,-5.1078
-0.053559,4.753
-5.1034,-0.98873
3.0446,-6.3671
-2.8905,1.0827
2.0013,6.0146
-0.47547,6.1709
5.38,-4.9696
4.9228,-4.663
1.2144,6.0082
-0.024069,5.2747
2.1709,6.352
1.5509,5.7898
4.8212,-7.9337
4.6852,-6.6336
-4.8341,0.78472
-0.77146,5.8851
-0.68254,6.6997
-5.6463,0.56912
4.6331,-4.6837
-5.3114,0.098849
2.0707,5.6642
-3.2275,-0.44291
4.8342,5.6158
1.2706,5.4971
-6.1963,-0.50025
2.4248,6.1767
-5.1522,-0.92734
4.0006,5.8144
4.5413,-5.1867
3.3583,-5.2014
0.36518,4.4869
3.1371,-4.9284
1.7579,-6.163
0.99812,5.5148
4.5981,-4.907
0.72099,6.3039
3.8247,-4.2551
2.0077,5.9284
-5.7846,-0.79116
-6.6064,-2.2057
3.89,5.9799
1.8679,7.6302
0.33828,4.9696
-4.3453,0.65022
3.5359,-6.2136
4.5787,-4.6195
7.3246,-5.672
0.63782,6.1757
2.1396,5.0628
2.3124,5.2782
2.2996,-4.3792
-4.3725,-0.75972
0.48578,5.9626
2.1833,-4.309
3.3369,-3.7656
0.28335,5.1655
0.19034,5.9879
1.2359,6.3154
-4.2408,0.15915
-4.168,-0.69371
1.694,6.486
-5.4874,0.087749
3.322,7.15
3.7114,-4.3567
0.78419,5.6852
-4.6545,0.74234
-6.4473,0.33195
0.7418,6.5323
2.5947,-5.2025
3.5831,5.1482
-7.1639,-0.18451
-0.75675,6.5801
-5.1727,-1.8373
0.84669,5.9753
2.0198,-4.4065
-1.0179,5.9323
-3.5059,-0.13862
0.13518,5.838
-0.90103,5.8326
-6.4545,0.21557
2.1179,6.5742
2.4776,-4.6134
5.1687,-5.0862
-5.4798,-0.79956
-3.3555,-1.2578
2.8072,-4.0899
-1.1157,5.4606
3.2678,-4.0356
0.48294,6.398
-0.33681,6.3287
-0.57199,5.788
3.5696,4.9564
-0.72125,6.1679
2.6741,-5.8992
5.2759,-4.7981
0.62947,7.2687
0.27863,6.2854
1.7099,5.3849
-2.8738,0.11031
2.9279,-4.998
-0.60918,5.2876
0.60147,5.6733
3.5299,-3.2967
1.6887,-6.1099
3.1633,6.4957
-0.047985,6.7228
2.3991,5.8616
-3.4702,1.8946
0.54882,6.6173
4.4063,-5.5692
-4.3233,-0.5216
3.5048,-6.8848
3.9619,-6.7602
6.8563,-2.6622
1.4694,7.37
1.6173,6.0689
3.0398,-4.8637
-5.4299,2.1681
-4.3895,0.41747
-5.5969,-0.22984
-1.8209,6.3358
-3.8871,-0.26855
5.6563,-3.6442
-4.7951,-0.35778
-5.9267,0.101
1.2461,7.3707
0.74818,4.6396
3.8871,-5.5476
-0.90289,5.7686
5.6753,-4.9482
1.4662,7.1319
2.4998,6.1602
3.2502,-6.1904
-0.44855,6.6467
-4.8891,-1.377
6.3986,-7.2633
2.4722,-2.9819
2.472,5.1704
-0.0082342,7.1358
-0.78303,6.7591
5.1173,-4.8724
4.7316,-5.7755
3.5161,-5.0761
-4.1069,-0.84989
4.5093,-3.2854
2.0369,6.7033
-3.4095,-1.2825
-6.4237,-0.13474
6.0919,-4.9032
4.019,-3.3332
-5.7503,-0.073221
-4.666,0.43378
5.1504,-5.224
-4.1956,-0.27997
4.8073,-5.7847
1.8027,5.6567
2.7326,-3.5281
-4.7263,-0.34675
2.9147,-7.0031
-5.3729,-1.9397
-1.3437,1.356
4.5161,-4.1774
2.4655,6.1687
0.79413,5.9745
2.6792,-3.5563
3.4181,-5.0653
-6.7436,-2.0512
-3.2746,2.1685
-5.1577,-0.65921
3.9954,-4.181
-6.2322,-1.1394
0.4896,7.0033
2.8524,-3.1809
5.1322,-5.2526
2.4736,5.1954
-5.4011,0.56303
-0.63308,5.9481
-0.28564,4.8219
4.2633,-4.9036
-3.9234,1.3155
3.4399,-4.9156
4.0438,-5.5767
3.4755,-2.5257
4.0835,-5.1539
5.7259,-3.5331
-4.1144,0.97915
-6.9429,0.46517
1.8323,-5.0603
2.2068,-5.1621
-4.1867,-0.048089
3.8312,-4.6377
-4.5719,-0.7541
-3.9477,-0.092105
4.6279,-4.3513
0.77871,6.2039
0.47517,6.4154
-3.3157,-0.03474
3.8586,-5.9578
4.5408,-3.8798
0.90518,5.5919
-0.62795,5.7323
3.8214,-4.4177
-7.4421,0.060179
2.9058,-5.1257
-3.7082,0.85488
3.8223,-4.346
0.9754,6.8852
2.6964,5.849
4.9472,-5.4191
-5.7192,-0.59713
-0.28438,5.2071
-5.7545,1.1013
4.7489,-4.281
-1.2005,5.5971
4.2231,-6.6087
3.1615,-4.8108
4.3276,-4.8406
0.067797,5.5491
3.815,-4.3628
-5.8791,0.14985
3.2885,-3.462
3.3847,-5.3688
6.1834,-4.0501
-4.7819,-1.3539
1.0864,6.3659
1.1296,5.8633
-5.3516,0.63326
5.295,-5.2334
4.6188,-5.3645
-4.6316,0.9449
5.2966,-5.3134
-5.7793,-1.4125
4.244,-4.7378
-3.3245,-0.16949
2.3914,6.6903
1.4721,5.8895
1.607,5.9036
2.7943,-6.538
-4.8282,0.87227
2.3774,6.292
3.1551,-5.4156
0.93902,5.8819
-6.1246,-0.71926
-0.25505,5.7534
1.8307,-5.4661
-0.04796,5.8756
3.6673,-6.9285
4.6955,-3.7676
-4.7915,-0.016566
3.3705,-5.5841
-5.1159,-0.64207
3.4742,-5.4924
1.1393,6.9247
4.3233,-3.2625
1.3451,6.0037
3.4293,-4.7125
2.696,-5.2871
-3.9222,-1.1795
3.2822,-5.5828
-5.6829,-0.13743
1.7534,4.5441
0.073443,5.2173
-0.14714,6.0594
4.4738,-3.3873
2.9747,-6.2147
4.4402,-5.2243
0.20165,7.0059
1.4614,4.4172
4.3122,-4.8582
-4.0741,-1.699
1.3039,5.3084
-4.4982,-0.42256
5.0439,-5.7942
2.193,4.6954
0.10267,5.9817
4.0939,-4.7888
4.9919,-5.8125
-0.98855,5.7892
-3.2146,-0.021636
-5.067,-0.14446
-3.6327,0.3365
1.1935,6.6147
-5.2139,-0.77538
-4.1024,1.3397
-6.2476,0.21274
-5.463,1.6033
-0.47772,4.6954
1.6002,6.2867
3.4614,-4.6594
-4.9583,-2.142
1.6994,6.2203
4.9939,-5.0963
-0.23297,7.0366
4.3857,-4.2119
0.84981,6.1859
2.3697,-4.9068
0.98585,6.1852
-4.3924,-0.94838
0.28751,6.7016
5.1144,-5.9854
1.3175,6.0363
3.8628,-5.1406
-5.8288,0.21661
0.94663,5.3812
0.67085,5.9464
2.9583,-5.1928
4.6123,-3.5872
2.0683,5.8879
4.459,-4.63
-5.4591,-1.0956
4.3305,-5.1989
-6.1798,0.84556
0.19456,4.5851
-2.3088,-2.4986
2.0551,5.1016
0.71884,6.2286
1.0562,5.8338
3.5152,-5.601
1.0205,5.1135
-5.7639,-0.84191
4.6608,-4.8906
-5.2045,1.0882
-6.7356,-1.1628
2.6624,-6.1688
-6.0766,0.35196
3.3707,-7.017
-4.9536,1.0256
1.3907,6.2065
-5.8318,1.6149
-4.6785,-0.36369
-3.9066,2.2659
3.5714,6.3394
-5.4052,-0.47846
0.27657,6.6512
-3.8539,1.6073
3.4437,6.1302
-0.30628,6.4988
5.7587,-4.267
-3.8473,-1.7325
-0.95676,6.8525
3.6316,-5.0729
-3.232,-1.2062
-4.389,-1.5472
5.2654,-2.9532
-4.9539,-2.2929
4.3034,-3.0283
-3.0086,0.52901
1.2939,4.4031
1.5443,6.822
1.0792,5.3711
1.4192,6.1511
-4.2819,0.4345
-5.0809,0.30137
3.4481,-3.8581
3.6851,-5.4576
2.1418,6.6763
3.0645,5.4938
3.9731,-5.1686
3.494,-3.8548
-0.47717,6.3028
3.551,6.3429
-5.4274,0.21945
-5.2178,-1.9567
-0.21926,5.7614
5.4757,-4.0081
3.1052,-5.8826
0.30055,5.6225
-5.2529,1.2046
2.9275,-4.912
-5.7893,-0.89648
-5.0321,0.41025
-4.403,0.54669
-5.103,0.20342
-6.0339,0.72807
1.1581,5.163
-5.6104,0.126
-4.4945,0.48197
-1.07,6.7817
-4.242,-0.80206
4.4513,-4.8851
4.4324,-6.0033
-0.23699,6.0503
-0.38859,6.1552
-0.78155,5.7753
5.2956,-3.8598
-0.34284,7.1117
-4.2408,-1.2165
-5.8095,-0.4629
-5.4949,-0.97841
-0.45912,4.9094
0.29072,5.0286
0.47902,6.8592
-6.2534,0.43723
1.3718,-6.8203
0.054358,4.9776
-1.6946,4.7804
3.5308,6.5684
3.823,-6.2158
-5.3887,-0.34136
-6.0393,0.20248
-6.1692,0.44072
4.3613,-5.1018
3.0741,-4.9017
3.4247,-6.1934
-1.3299,6.4112
-4.2654,0.5893
2.7018,5.9363
4.7053,-3.9448
4.6266,-5.2373
4.2833,-5.8995
2.5176,-4.9154
-6.9881,0.11666
-5.2704,-0.17339
-4.3681,-0.52827
-5.0079,-1.6447
4.6346,-5.521
-4.7767,-0.069039
2.8533,5.5
-4.6624,-0.48749
0.32317,5.3359
-0.71456,5.4863
4.2386,-6.9081
-1.9812,0.41702
2.9782,5.9638
-5.6144,0.61846
-4.4068,-0.524
5.6794,-7.0306
1.8052,6.3807
-0.52935,5.6022
-6.1715,-1.1312
1.1208,4.8657
-1.3459,6.0189
3.6657,5.4804
-4.0046,0.46529
-4.266,-0.23182
1.9388,6.2206
4.7006,-4.7902
2.6916,-5.6019
-0.96327,4.4427
-4.0047,1.3695
3.2846,5.4233
-5.4007,0.93504
4.6371,-6.4689
-1.4558,6.3461
-0.63228,5.3166
3.9082,-4.337
3.9436,-4.6004
4.0411,-5.9153
3.744,-3.8621
1.7986,7.0107
2.2329,6.527
1.2102,5.4151
-5.4267,-0.10429
3.9992,6.0789
-4.1113,-1.6939
0.4624,5.9751
0.13857,5.0579
-4.4946,0.24652
1.5712,6.1188
-3.4435,-0.6812
-0.75887,6.2896
-4.1625,-0.43715
0.54987,6.8853
-2.3541,-0.57191
3.5801,-5.6345
3.2005,-5.0907
-3.5135,-0.91316
1.6516,6.6934
-6.3444,-1.3055
-6.4932,-0.028472
0.39366,4.7885
-5.4776,-0.23466
2.2693,-5.2803
-6.2848,1.523
-5.2818,-0.61516
4.7385,-4.654
2.0467,-3.7543
-3.8456,-0.77766
1.0136,6.3838
0.020171,6.8081
-3.7716,0.18422
5.7532,-4.6859
-5.6594,0.85429
3.3647,-4.7269
3.7805,-4.86
2.8167,5.6711
0.86287,5.44
3.5632,-5.7723
-3.6641,1.298
-4.41,-0.51193
3.3839,6.2847
-5.1378,-0.31608
-0.097292,5.8219
4.357,-5.2621
0.24398,5.6927
0.67914,5.7652
1.8628,5.6818
0.43822,4.5122
-0.36956,5.234
3.9802,-6.2131
-0.935,6.3116
2.6005,-4.0136
-4.1878,0.30343
-3.6218,-0.023642
-5.3147,-0.56784
-5.0238,0.66427
-4.8251,0.12296
1.4313,6.014
-5.3663,0.80918
-0.77423,6.5493
1.676,-5.2023
3.7607,-6.2536
3.8565,-4.2719
5.4682,-4.7104
-4.52,-0.20862
-4.503,0.7496
3.5732,-4.4355
4.2736,-4.8608
2.2034,4.4215
-3.728,0.72106
-4.9114,-0.25001
-5.7637,-1.3107
4.6171,-6.0282
2.581,-6.5531
4.7358,-5.4509
2.3033,7.2072
2.1848,5.2344
1.7574,6.361
3.8611,-4.1644
2.7906,-6.1526
0.55508,5.7792
3.8766,-4.5537
3.5079,-4.2287
6.2386,-4.6635
-5.0834,0.44758
3.7028,-3.9361
-5.1012,-0.070283
4.6775,-4.4309
-5.4418,1.19
5.1692,-5.0907
2.0053,5.8205
0.66701,6.9314
1.6265,6.1083
2.9203,5.9055
1.9415,4.3842
5.3875,-6.1575
3.4044,5.8105
-2.409,-0.25428
-0.01095,5.0938
-1.3321,5.7648
0.59583,5.2605
-5.3534,0.38844
2.5149,-7.2744
3.3311,-5.0859
-4.9396,-0.062135
-5.6537,-0.57997
2.3052,-6.1649
-5.0079,-0.02424
-5.3697,0.45955
3.9236,-4.5798
4.8565,-3.7158
-4.9255,-0.26982
4.2984,-5.1711
-4.742,-0.5232
2.9182,-6.1897
5.8276,-6.7138
2.6274,6.2644
-5.2941,0.65044
-4.7096,-0.90495
-2.309,-1.3795
3.3907,-5.0266
2.9316,5.8256
2.2649,5.0677
5.4294,-5.2937
-3.794,0.11075
-4.2125,-1.1644
-0.91287,5.6863
-5.9339,-1.5274
-4.3144,0.10408
-3.8702,0.55504
-7.2699,-0.59023
-4.7306,0.43521
-1.7384,6.2336
4.0076,-4.1754
4.9909,-5.3155
4.7889,-4.2534
1.2588,5.7863
-2.3659,-1.3541
-5.9711,0.0019172
-6.0967,-1.1599
7.3042,-4.5945
4.1373,-3.7313
3.3307,-4.372
-3.6535,-0.94383
5.2739,-6.128
2.2462,5.3159
-6.5374,-0.92061
3.682,-4.7219
-5.4622,-2.2984
-4.6402,0.72442
-5.3425,-1.7436
3.5956,-6.8714
-5.1046,-0.030054
3.74,-5.9761
3.7842,-5.5787
4.3759,-5.844
4.8648,-4.6938
2.8912,-6.1637
4.7648,-2.8154
0.12116,6.3767
3.0831,-4.3152
3.0057,6.2799
3.1193,-4.1192
0.82407,-3.8223
4.1974,-7.9705
0.76501,5.4482
-0.79446,5.8819
1.3967,5.6401
-0.48619,5.3408
-4.9015,0.32528
0.3075,5.4094
-0.089229,4.5709
4.901,-5.4809
1.248,6.2736
-5.5086,-0.91757
-5.0167,-0.036071
2.3145,8.025
-6.1101,2.1649
0.77862,6.222
4.0744,-4.9705
1.445,6.5055
-7.0636,1.0151
4.0893,-4.3969
-0.52316,7.0261
-3.9139,-0.4319
3.9892,-3.1153
4.709,-4.6354
-6.9547,-0.7229
4.7797,-4.8763
-5.529,-0.27877
4.3251,-3.6918
4.0063,-4.7327
1.4899,5.1724
2.5358,-5.2244
-3.3803,-0.95863
-7.2595,0.50808
-4.8599,-0.35892
4.6619,-5.9686
-4.0053,-2.4747
2.6417,-6.7236
1.8602,5.5706
-3.2081,1.3628
3.4409,-5.5588
2.9537,-5.5909
2.1003,4.612
-5.0768,0.1859
-5.2414,0.85711
4.5352,-5.4888
2.7064,-4.9587
3.7845,-3.8873
4.4599,-5.6903
1.3844,6.5344
-7.0367,-0.26419
-1.1652,5.575
5.0163,-6.4154
2.8769,5.9609
0.72231,4.463
3.3284,-5.0812
-4.7332,-0.52679
-5.796,-0.57986
-5.7643,-2.3985
4.1358,-5.8224
3.3256,-3.3344
2.7553,-3.9213
-4.6752,0.55895
4.7985,-2.4
2.422,7.0227
1.5992,6.5524
-5.159,2.3921
4.4087,-5.9426
-5.611,0.09533
4.8956,-4.3695
3.3487,-4.5286
-6.2252,0.57391
5.0561,-5.5522
-4.8981,1.1799
-5.875,0.30674
-1.6589,5.6558
-5.7831,1.068
2.8271,-4.0262
1.3404,8.0279
4.3307,-5.199
-4.6128,1.3596
-3.7148,-1.1179
4.3858,-5.9278
2.2826,-4.7255
-5.3662,0.56999
-4.8396,1.1466
-5.4784,0.055245
-4.9878,0.32561
4.7806,-5.8594
-5.9941,0.87903
3.3602,5.0323
5.6156,-5.7105
5.2396,-5.1482
3.958,-5.0197
-5.8987,1.1449
-0.44232,5.0722
-5.3898,0.11826
1.2947,6.5364
4.2791,-5.7297
-3.6003,0.57975
1.6078,6.6318
3.6623,-6.5112
3.0942,-4.6505
3.3551,-3.574
-5.7709,-1.6529
4.3654,-4.7029
-5.4695,0.59905
3.7825,-5.9845
6.1531,-4.1028
-3.5906,-1.5651
4.4331,-5.2903
-6.0268,0.29863
4.4055,-3.4555
-4.4126,0.04745
3.7667,-4.6737
0.59377,5.6103
-5.8211,-0.57542
-5.0595,0.3418
-4.782,0.91435
3.9253,-6.3936
-0.63497,5.7672
3.0712,-5.5533
-4.3501,0.20463
0.7922,5.6867
5.2726,-3.5831
2.4834,5.5895
2.9681,-3.7624
-5.1816,-0.60356
-5.6677,-1.1734
1.619,5.7513
-5.2199,0.38565
0.5003,5.8412
3.614,-5.6134
2.2055,6.495
1.6716,6.6707
2.405,6.1713
2.0025,6.0709
0.88298,5.5077
3.345,-4.7659
1.4382,5.0039
-3.8212,-1.2126
5.5945,-5.4131
-3.0868,-0.90426
2.0526,5.8727
4.8865,-6.4127
-4.6745,0.033609
3.7462,-6.6293
3.9674,-3.081
0.71912,5.3513
-0.15458,4.9914
4.4033,-4.7508
-3.8803,-1.8875
3.4971,-4.3544
3.2268,-5.963
2.1742,6.9087
4.8514,-3.7375
-5.8296,-0.15335
0.2462,6.2925
4.4793,-5.2614
0.38571,7.3022
1.5278,6.8377
4.4534,-5.8912
-1.8368,5.4639
2.6643,5.0477
0.81121,5.1884
-4.7129,-1.8861
5.2561,-6.5678
2.9086,-5.5576
1.9218,5.4639
4.5901,-5.0084
-3.8518,1.7777
5.1596,-3.8209
-4.9139,0.16214
5.4622,-5.5242
4.1618,-6.4761
0.461,4.8907
-5.3837,0.2358
3.9068,-4.4082
-0.68355,6.0425
4.7413,-5.3406
1.3164,5.2155
0.092372,5.0324
-0.90955,6.2186
3.234,-4.9785
-6.2248,0.0801
1.7017,-4.1724
4.4238,-5.0697
3.59,-4.5959
-3.2516,1.3927
3.7172,-5.2093
0.63069,6.3031
3.8227,-3.9919
4.173,-5.3756
4.4861,-7.8748
-4.7881,0.043476
-4.2188,1.1868
3.407,6.1022
2.9716,-5.0618
-0.42066,6.6926
-3.3287,0.8408
3.6743,-5.2965
-5.1636,-2.0492
-0.15524,6.2532
3.1022,-3.1636
-5.8184,-0.14229
4.0844,-3.252
-0.11413,6.1338
-5.0762,-0.64346
-6.6701,1.6842
2.9302,-5.4306
2.8819,-3.2973
3.5452,-4.0016
-5.9727,-1.2947
4.0117,-4.0945
-4.8457,0.47095
1.826,5.1817
3.0484,-4.8894
-5.1792,-0.44661
-3.3036,-0.92887
2.2101,5.1034
0.82457,5.6909
-4.2287,0.17953
-0.63247,6.3995
-0.93331,6.0909
3.201,6.3092
3.8294,-5.381
-0.99556,5.992
-0.7257,6.8386
-4.8327,-1.4246
-4.5637,-0.75564
-0.17051,5.0064
-4.6828,1.6062
0.738,8.1553
-4.7388,-0.50918
-5.0371,-0.453
-5.8987,-0.55412
3.5238,-5.3625
4.7411,-4.5702
4.6618,-4.455
1.6974,6.0633
0.17823,5.3634
1.8746,5.6223
5.2439,-4.6155
1.3404,3.9044
-4.2234,1.3322
2.3905,-4.4391
-4.7565,2.065
-6.1278,-1.1003
-5.721,-0.54487
-5.2917,2.3096
-5.9151,-0.33538
2.5754,-5.9101
0.111,6.6406
5.9635,-6.157
-4.7897,-1.8162
-1.2048,6.323
1.2742,6.234
3.3676,-5.5205
1.0597,7.3198
1.7268,6.5444
-0.1541,7.3651
4.0903,-5.8028
1.8531,6.3648
2.8437,6.6852
1.3115,7.012
4.6276,-4.2908
3.917,-5.8184
-4.9109,0.35935
2.9643,6.6686
2.5108,-4.4222
-6.0368,-0.90357
1.2468,5.7963
-3.1566,-2.1022
-7.0019,0.13052
-5.4661,0.52874
3.0881,6.1071
3.9289,-3.3018
-1.122,5.5655
-4.1657,-1.0279
3.5082,-5.8838
-3.325,-1.7553
-6.0503,-2.0968
5.9513,-4.4183
5.639,-5.051
1.3795,5.4842
0.45938,5.1011
4.3398,-5.3331
-5.6098,1.3199
1.5959,5.7869
-0.77714,6.0813
-3.2126,0.63313
3.3942,-4.0555
4.1029,-4.986
4.2399,-5.0823
-4.6504,0.97424
-5.9516,-1.0674
2.919,-4.0035
4.9316,-5.159
-4.7144,0.74101
-6.5818,-1.1617
-6.567,-1.0435
3.8289,-5.8009
-0.80495,4.8289
2.5805,-4.5434
-4.4138,-0.31435
-6.837,-0.085375
0.33287,6.1187
-5.381,-1.0592
3.0017,-3.5445
5.1176,-4.7683
-0.69847,6.1186
-3.7996,0.44852
0.90861,6.1209
3.9189,-5.3803
5.4476,-7.1952
0.21388,6.3878
1.3731,4.9294
3.5404,-3.0531
4.0846,-3.3185
1.9073,-3.9599
-5.9228,0.034784
-2.6868,0.041908
-3.8378,1.752
-6.6245,-1.492
-4.0149,0.69291
0.064008,4.9322
4.2701,-3.879
-6.4799,0.14946
2.2821,-5.7963
-0.27314,6.4157
0.5434,4.891
-6.1327,-0.73777
-3.0795,-0.92336
-3.987,-1.821
-2.9692,-1.1584
2.9454,-4.7596
4.3594,-5.0002
-3.7467,-2.0634
-4.7277,-0.29677
5.6493,-3.8261
1.3147,5.9609
-3.4605,0.28264
3.842,-5.331
2.5665,6.2338
0.688,5.5763
-6.7013,0.30143
-4.4833,-0.69485
3.9981,-4.2952
5.1992,-4.7371
4.1631,-3.4031
-5.4352,-0.20492
0.35854,5.6082
3.8997,-4.2668
-4.9406,-0.37612
1.3662,7.1483
0.49903,5.1541
-0.98994,6.7797
-3.8805,0.95228
-3.3966,-0.20505
0.029883,6.7381
1.866,5.1564
-5.491,-0.18598
-2.1141,5.0302
1.1745,6.4371
3.8498,-4.0346
2.3806,5.335
3.2898,-4.1405
-5.9463,0.26038
-5.2135,0.35215
-4.2707,-3.4441
2.0195,6.2908
1.5303,5.8672
4.456,-5.1256
3.7484,-3.7385
4.1176,-3.3786
1.948,6.807
5.5562,-5.5421
0.18825,6.7675
0.57142,6.085
-5.1455,-1.8378
3.1279,-4.0948
1.3255,6.9056
-5.0927,0.0023875
0.35117,5.559
3.4449,-5.7876
2.5028,6.7143
0.17668,4.7542
4.4377,-6.0484
-4.2654,0.95375
-5.6832,-0.71397
4.4181,-5.4235
4.2509,-4.2698
5.7823,-3.4889
-4.0977,0.24267
3.0588,-4.994
3.7637,-5.4917
3.4041,-4.4252
0.59172,6.2566
2.2184,5.8769
3.1805,-5.373
2.9419,6.3098
-4.314,-1.4806
-5.2429,-2.2484
-3.2055,0.10019
3.6169,-5.0601
-6.8351,0.8023
0.76445,6.139
5.8913,-4.6312
2.6451,5.7869
-3.5381,-0.68261
-5.0285,-0.21071
-6.269,-0.45936
-0.40041,5.0777
3.2399,-3.9891
4.4285,-4.4548
-4.6945,0.34819
2.7301,-5.7889
0.47043,5.5794
3.132,-3.6035
-6.1805,0.33454
0.8543,5.5307
4.8957,-4.8199
3.4447,-4.2431
3.6796,-5.41
0.66467,5.5671
-0.25974,5.8482
3.4144,-5.319
5.1221,-6.5531
-0.96866,5.8324
-2.6026,-1.0193
0.60003,5.519
2.2267,-5.1601
3.1141,6.9703
-4.3731,2.8239
2.5049,5.5898
-6.899,-0.18488
1.314,5.0328
4.2224,-2.7848
2.332,5.8609
3.3294,-4.6396
-5.7521,-0.50342
4.4887,-2.7014
2.3718,-4.5778
5.7977,-4.9827
-5.0087,-0.93996
0.7663,7.3191
1.3687,4.5973
0.84967,5.4534
1.351,5.4501
3.5907,-5.5654
-5.4684,0.79041
-0.13421,4.6075
1.9138,5.5897
-4.4874,-0.073263
-1.304,6.2323
-6.9455,0.031345
6.0394,-4.3044
-3.9774,1.6842
-0.54084,7.1437
1.8589,5.7451
-6.6066,-0.33836
3.3278,-5.1652
3.0506,-6.2875
4.3012,-4.5653
2.9975,-2.959
0.98093,5.8601
4.3025,-4.7956
4.4421,-5.1282
-6.1005,-0.95033
-5.7579,-0.5856
4.4236,-4.2398
0.92287,6.7431
-2.4531,-1.2677
-5.4364,-1.7162
-3.6547,0.80564
-1.0965,6.1229
4.0994,-7.5227
3.9561,-5.2971
3.2437,-7.0029
3.3378,-7.6278
-0.22403,6.22
2.5839,5.7272
5.6192,-4.2886
1.8903,-4.9888
-6.0125,1.2627
-5.102,0.34819
-3.4262,1.8596
0.82302,7.4395
3.0168,-4.8969
4.3088,-5.1912
-5.5285,-1.5756
-2.243,7.2625
0.91561,5.1623
2.4402,5.8402
4.4476,-4.4944
3.4972,-4.6564
2.8582,5.8167
1.0379,6.6815
-4.2121,-1.344
4.2843,-4.0557
-4.1812,0.8971
0.90538,5.6253
0.0019054,6.4695
1.9969,5.0759
3.72,-4.6504
-0.57804,6.0504
4.9267,-5.1501
4.4031,-4.1918
3.4903,-4.2966
1.7358,-4.9071
-0.91692,6.2851
0.26617,5.0869
2.3155,5.677
4.4136,-4.5559
-0.24357,6.6708
6.0572,-3.8721
-4.5002,1.9427
4.4975,-4.4756
-5.9693,0.14732
-5.3241,0.1706
-4.397,1.1609
-5.3742,0.4796
-5.4089,-0.4414
-3.0512,-0.62222
3.7007,-5.6444
1.3726,7.4951
-0.14903,6.3031
-4.2778,0.42346
5.6406,-4.82
4.1347,-4.6781
5.7244,-3.0663
-4.6566,-0.5214
3.5095,6.1348
4.2793,-4.5204
-5.9335,-1.4163
4.6783,-3.4502
5.6534,-6.622
-4.4513,0.17628
-6.6814,0.50288
-4.2289,0.58482
1.7141,6.9931
4.7758,-5.3903
-0.70439,6.2398
2.537,5.4073
-4.3498,1.3093
-0.89312,5.8918
-1.2417,5.2094
6.4649,-5.2396
-4.8076,-0.27665
2.7742,-4.2075
1.8426,6.3178
-3.4385,0.54041
0.26653,6.4198
2.7399,-5.1018
5.2118,-5.416
-5.793,-1.0349
3.5117,-3.7471
4.0535,-3.7179
-0.44541,5.5662
2.538,5.4685
-0.74909,6.7678
4.4986,4.4501
-3.1829,2.6689
4.9754,-5.71
0.83337,6.6287
4.29,-4.3159
3.9259,-4.9053
0.19901,5.4891
3.9089,7.2631
-5.0253,0.48258
2.0987,6.453
4.4362,-4.5216
2.9953,-6.0723
3.9521,-5.5062
-5.5123,-0.48135
5.2519,-5.6114
-0.003843,5.2777
-3.3625,-0.53963
-6.8761,0.68933
-6.1609,-0.91018
-5.0699,-0.16482
4.3421,-5.9996
6.6876,-4.0426
5.2112,-4.626
5.7476,-3.86
4.2225,-4.8741
-3.682,-0.63352
2.3825,5.3518
-4.4591,-0.12333
2.7713,-3.1135
0.49315,6.5801
3.3296,-5.4194
5.5172,-4.4647
2.0035,5.0771
-4.5327,0.90441
2.4851,6.2104
0.98536,6.0124
0.96437,5.126
2.0428,6.4697
3.0004,-3.2237
-5.4299,-0.12875
0.80769,5.8548
-8.169,0.40284
2.3581,5.9791
-6.6161,-1.2054
-4.9259,1.294
4.8928,-6.9305
4.6145,-2.9713
3.0103,-4.3041
-0.47928,5.9653
0.7012,6.5271
2.0322,5.8459
2.1024,6.647
-4.9984,0.32159
4.9733,-6.3733
-3.8618,1.2348
2.7911,-3.6462
-0.18239,5.1536
-4.4719,-0.40668
4.1808,-4.5712
0.52712,5.9972
3.1162,-5.2726
4.2761,-4.7679
-4.1853,0.97103
1.3854,5.2345
-4.594,0.0382
-5.3543,1.2628
1.4748,4.9874
3.8809,-3.8779
-4.538,0.47223
2.2876,6.4626
2.1031,7.381
2.5232,-5.9595
5.0667,-4.47
-1.0026,6.258
-4.3675,0.65192
-5.406,1.4291
0.32198,5.6459
-4.7125,-0.17178
5.0931,-6.0667
0.95187,6.142
0.32224,5.9169
-4.1099,0.452
-5.3054,-0.62377
4.4264,-2.7776
-0.43718,6.9136
3.6718,-4.3613
0.27292,6.38
-0.73488,6.1283
2.1085,-4.9755
-1.01,6.793
3.1306,-4.9866
4.3003,-5.2274
-5.8236,0.18122
-3.0273,-3.1004
-5.8013,-0.93852
0.054251,7.1937
2.3162,6.215
4.1285,-4.2846
3.957,-4.0951
0.51878,5.5355
2.8966,7.044
-2.0178,0.14611
4.1484,-4.0809
1.1869,6.1241
5.165,-3.2759
4.9601,-6.2341
-4.8587,-1.2415
1.4219,6.5002
-5.814,-0.54864
2.3686,-5.2778
4.0031,-4.8862
1.9762,-6.2539
-5.6176,-1.0735
2.287,6.7231
-0.57333,5.6403
-5.8693,0.29562
-4.6609,0.1591
-5.3128,0.31015
-5.4044,-0.083246
6.0054,-4.3276
5.5783,-5.3771
-5.1497,-1.0124
5.2601,-5.8614
4.2983,-3.4759
-4.2587,-0.08953
-4.071,-1.6998
4.7289,-5.7452
-5.7647,-0.68527
-6.56,0.38187
-6.1796,-1.5859
3.6438,-7.3198
2.582,5.0685
-5.9991,-0.15682
-5.6835,1.8952
0.9928,5.8156
-6.2774,1.1369
5.0076,-4.5569
-5.6512,0.089174
-4.7664,-0.19582
-4.3797,-1.0529
3.6268,-4.4171
2.4298,-5.548
-4.9497,-0.050422
0.39391,7.1418
1.0576,5.7778
1.7264,5.8719
-4.3816,0.13869
-5.8811,-0.36381
-5.6073,-0.25875
4.9066,-6.0017
1.1197,5.3614
-5.3814,-0.70858
5.6181,-3.5258
-5.8077,0.59714
-5.3582,1.0175
0.31597,6.6661
2.6677,5.8707
-0.54535,5.3176
-5.1588,-1.8739
1.1377,5.9351
-6.1361,0.2692
-3.1689,0.64112
4.572,-6.9148
-0.96578,4.6711
-3.663,-1.3848
1.3195,-6.3852
-3.6316,0.022118
1.3268,5.6476
-4.0988,-0.5024
4.9466,-7.4682
6.2937,-4.8357
1.1509,6.0543
-5.8079,0.030075
1.934,-5.5528
5.567,-4.8346
0.82122,5.9675
5.0869,-5.2376
3.0292,-4.9444
2.1367,6.6819
3.3822,-5.8358
-0.37722,5.1155
1.6775,-3.8062
6.4696,-5.2004
2.8449,-4.3257
-4.5914,1.4854
-1.3119,6.0221
4.025,-6.2387
-4.8814,0.99451
2.9141,6.3725
-4.5016,2.1372
5.6622,6.2446
3.6283,-4.2511
-3.3904,0.96073
4.2906,-5.5518
0.31594,6.3199
4.0712,-3.0696
1.464,6.2212
1.7895,6.1102
2.5946,-6.0335
3.9922,-6.5527
4.0007,-6.0126
-5.5879,-0.18591
3.6215,-5.6796
-3.9259,2.0566
4.2949,-4.694
-4.4335,-0.49901
2.0963,5.0041
3.2569,-4.698
-0.10629,5.8926
-4.4914,-0.59235
0.27608,5.992
1.4348,6.7063
2.7969,-4.2314
-5.1507,-0.75911
-0.048919,6.0342
-6.3057,1.9736
3.6589,-6.08
-5.4272,-0.086715
2.0773,5.5607
2.7024,5.9516
-5.899,-0.42595
3.1836,5.4879
3.3427,-5.43
-0.54736,6.1269
-5.3595,1.3328
2.9812,5.7448
-3.2164,-1.4852
-0.0061274,6.0574
-0.35694,6.42
2.6998,-4.5046
-6.5623,0.63121
-5.7068,-0.069962
1.7404,5.0366
4.7141,-4.6343
0.42173,5.8308
-4.0504,-0.72261
-6.2393,-0.87243
-0.043264,5.3221
-3.8137,0.07643
3.6715,-5.1179
1.509,6.058
4.4923,-3.8961
3.6504,-6.2974
4.4203,-6.5129
-0.045447,6.1497
4.6285,-3.9569
1.0096,5.7814
4.0559,-6.5239
1.1963,7.0184
2.7719,-6.2724
3.6979,-4.4164
0.71351,6.5426
-4.3213,1.0013
-3.9512,-0.37861
-3.3584,-0.89179
-4.0974,1.0889
2.9805,-4.7155
-6.8678,0.095031
4.4865,-5.0913
3.5854,-3.4862
-4.9218,1.5203
1.0927,6.9037
3.2763,-5.5295
1.3274,6.6915
-4.152,0.52862
4.5874,-4.6431
0.4973,7.306
4.9231,-1.4145
2.8349,-6.2781
2.9854,6.3918
0.11523,6.4396
-7.9024,0.42051
3.9789,-4.4553
4.5302,-4.3143
2.7941,5.7422
-5.7054,0.039384
0.54616,5.0195
-5.1345,-0.23196
0.16417,5.6118
-5.056,-0.12703
3.9228,-5.9188
1.711,6.2734
-3.4957,6.6049
5.8556,-4.6263
-3.741,-1.6919
3.7317,-5.6964
4.602,-4.5408
-0.11829,5.4507
3.2384,4.5907
-5.4475,-0.47422
2.7892,-4.6301
1.5758,6.3464
1.8024,6.5895
3.3022,-5.9662
4.4394,-3.2966
4.6561,-6.5929
-0.65542,5.6051
-5.451,-2.2665
-5.3887,0.52954
-5.2842,-0.39064
-6.9002,-3.1058
0.26613,6.6143
4.2943,-4.8907
0.33752,5.8332
-4.195,-0.76832
-4.9858,1.4066
-0.28808,6.3386
6.1718,-5.7768
-4.7332,2.1076
0.96343,6.1608
0.5535,5.6481
-5.0271,-0.19515
3.4942,-3.9197
3.4346,-4.529
5.0336,-5.1191
3.1791,-4.5011
-0.84958,5.3431
-1.3007,5.5254
6.2165,-5.4769
-5.6417,0.94234
-4.8814,-0.047158
3.4417,-5.9642
-0.48091,7.0479
3.6943,-4.4061
-0.83389,5.0799
5.1288,-5.511
3.216,-4.9594
-3.0478,1.106
-0.0049974,6.402
-0.90898,5.7586
4.9371,-4.677
-4.563,-0.61813
4.7921,-6.3878
-5.0157,0.081455
-3.5262,-0.41557
0.70929,6.0454
2.9255,-3.5851
4.834,-5.7245
4.3418,-6.4462
-4.227,0.78151
3.4441,-4.7592
-5.231,0.11379
-5.5334,-0.46938
3.3693,-5.6015
-5.6552,-0.95753
-5.5586,-1.7594
-6.76,0.066634
-5.4224,1.1002
4.019,-3.9708
-5.9339,2.2502
4.2434,-3.4865
-1.1518,0.50846
0.4035,5.5077
0.37297,6.657
3.1735,-5.3781
-6.5369,-0.79582
4.3159,-3.8427
3.8768,-4.973
-5.2216,0.024659
-5.7027,0.52233
-5.1521,-1.0699
-4.7095,0.15148
3.1605,-6.3457
-3.727,-0.57147
2.9823,-5.2762
-3.5408,-0.35962
1.6175,5.7896
-5.7477,0.083496
0.76652,5.6558
0.6225,5.4488
-4.8643,-0.23466
3.4366,-6.4904
-5.5533,-0.81558
-5.8149,-1.175
3.1951,-3.1113
5.0725,-5.4779
-3.7192,-0.62642
2.8634,-5.8617
-1.7389,5.9412
0.9328,6.3617
4.1332,-4.9956
4.1169,5.9707
4.5206,-5.202
1.747,7.1354
1.9934,5.9726
-0.91877,5.3459
3.0311,-4.0786
4.3687,-4.9959
-3.6233,-0.89384
1.4365,5.2781
3.5169,-6.9074
-0.043307,6.1594
3.117,-2.8704
2.5393,-2.7997
-5.1576,0.63463
1.6702,6.8901
3.0504,-3.5969
-1.0782,6.2334
2.7068,6.1812
-4.991,-0.39742
5.7155,-6.4584
-0.74449,6.1609
2.429,-5.8535
0.18858,6.1335
3.0024,5.4069
-5.7295,0.70192
-4.5083,0.68271
1.8667,5.6403
-5.9995,-0.3348
-0.64594,6.2216
-6.7063,-2.045
3.3469,-4.7207
-3.9069,0.79686
2.8451,-6.7038
-4.5684,0.20283
3.2612,7.3845
4.7613,-6.0367
-0.32879,6.688
1.8066,6.7438
3.0819,-5.4443
-4.9484,0.19209
1.7813,6.5246
3.5563,-4.5644
4.7227,-4.6149
4.9312,-4.2088
2.9072,-4.125
-4.0999,2.0337
-5.1302,-1.3057
4.3578,5.0037
2.5691,6.8243
0.93483,4.0703
-6.0708,1.6556
0.57354,5.7543
3.8082,-5.6687
-3.7224,-1.0308
-3.0835,6.4254
-7.1991,-1.3063
-4.8729,-1.1514
2.4082,6.1357
4.3783,-6.5466
3.9892,-5.244
-2.7236,0.68967
-1.2092,6.3465
0.55099,5.2726
2.3155,5.2039
-6.3778,-0.87796
5.8688,-3.6729
5.295,-5.2524
1.5122,5.9982
1.381,5.7237
0.17947,5.1766
-4.9935,0.74747
-5.6252,0.1037
-0.053058,5.4163
-3.3251,-0.80376
5.3331,-3.8856
1.946,-6.2494
3.6483,-3.8976
3.7604,-4.256
0.70023,6.1068
2.2057,4.5597
-5.0581,0.73751
2.9133,-3.7793
0.055109,4.9214
-4.5349,0.99648
3.2096,-4.4258
-5.3783,1.3709
-5.218,-1.8087
4.7255,-3.6784
2.6029,-5.4
5.1704,-5.9278
-2.9591,-0.79031
-4.1344,0.09423
5.6633,-3.9063
4.0132,-3.1849
-3.2677,-1.2159
-5.0493,1.2615
1.2172,6.7404
0.41785,6.0209
-4.9018,-0.084115
5.7979,-5.6864
5.607,-5.3853
-0.1939,7.7426
4.0788,-5.7789
-4.0881,-0.49152
-0.33807,6.3159
1.0175,6.4814
-4.487,0.11196
1.6377,5.455
-1.1422,7.0808
3.5999,-5.1512
4.8521,-3.4317
-5.7229,-0.65312
3.3356,-6.421
3.8237,-4.9644
5.2006,-5.6471
-0.052072,5.9001
1.8887,4.7968
-5.8937,0.70473
2.9894,-5.7584
3.3026,-5.268
4.8778,-5.2751
-5.0825,-0.68755
-4.6262,-0.29878
2.1621,-4.9677
4.9307,-5.8843
3.9047,-5.5812
-4.6992,0.55561
3.8521,-4.7186
3.8461,-4.2563
3.6123,-4.1788
-4.6587,-0.56053
-3.1824,-0.95205
3.9443,-4.121
3.5374,-4.3577
-3.3539,-0.36434
-3.7423,-0.49537
-5.0804,-0.26369
0.025027,4.8595
1.6833,5.6189
-4.1607,0.24136
-6.8529,-0.75139
-4.4976,0.7332
-6.0388,0.70122
-6.2808,-0.37272
2.1696,6.2022
-0.46599,4.3832
3.2112,-5.1669
1.9353,5.4535
0.82417,5.7036
1.4993,6.4474
-5.5663,0.33043
-3.1979,-0.17564
-0.53837,5.8326
1.4416,4.921
-3.4219,0.53558
-4.5702,-0.36254
-2.9998,0.38476
5.0096,-6.3379
-4.3406,0.22834
3.9967,-3.822
0.27143,6.0692
-5.648,0.49492
-4.9353,-0.69155
-5.0693,-1.4861
-5.105,0.16167
4.457,-4.8177
-3.6721,0.24421
-4.8109,-1.6635
1.383,7.5324
4.565,-5.3045
-6.6938,0.77678
-3.0938,1.1443
-0.10252,5.7663
-1.0685,6.0537
3.827,-5.4476
-4.4273,-0.52898
3.6411,-4.9757
4.431,-4.2597
3.6968,-3.1518
-3.4643,-0.95713
-4.5877,-0.56361
-4.7612,-0.95828
0.63616,6.6373
-0.12295,5.2286
4.5186,-3.6569
2.9108,-4.8063
4.029,-4.9416
1.4847,4.2632
0.33832,6.5849
2.2383,5.6084
1.3012,7.3249
-3.2559,-0.5109
4.1193,-4.9693
0.35391,5.2932
-6.6055,0.20581
1.221,5.9063
1.4104,4.9171
2.0421,5.5449
5.3794,-4.5918
1.0173,6.076
-3.2736,5.6627
2.1034,6.8591
-5.7305,-0.071686
5.7481,-5.5139
2.1259,6.0368
1.3437,5.5619
-4.5152,1.2505
3.7735,-4.9141
-6.6191,-0.70989
3.328,-5.5563
-4.6294,-1.2851
2.9546,-5.5635
0.15529,6.7214
0.56499,4.5799
-4.4266,-0.26638
-5.2049,1.0753
3.4248,-5.6294
4.0026,-4.2283
2.7536,-4.3308
-5.3285,1.1563
0.43968,6.031
3.5229,-5.1695
-6.0191,-1.3628
4.5512,-3.8765
1.6319,6.393
5.4249,-4.9964
0.55747,6.4544
-0.2186,6.494
4.9819,-4.7656
-5.5258,-0.94967
-4.4461,1.1616
-4.6188,0.92328
3.3651,-4.3654
0.73017,5.9092
-0.062295,6.6709
2.0009,-5.4675
-6.0598,-1.5986
3.6017,-5.6882
-4.587,-1.8025
4.3493,-3.8601
-5.4511,0.92343
4.0501,-5.0114
0.62292,5.9908
3.3948,-4.6233
3.4369,-4.0778
4.4431,-5.6592
-6.2737,-0.39738
-6.3075,-1.415
-5.9971,0.0084488
5.3849,-5.6417
4.6267,-4.7937
1.8095,-5.4449
3.1588,-6.3304
-4.4917,1.0242
-1.1658,4.6172
1.2133,5.9213
2.9221,-4.0174
-6.4964,1.4172
3.0923,-5.4575
-6.0218,-2.1384
5.3858,-3.9263
4.3629,-6.1074
-0.0030806,5.4412
4.0239,-5.2379
3.6251,5.3324
2.6856,5.7344
3.8806,-4.8709
2.1,-5.5818
-5.1457,1.3879
3.7054,-3.8911
3.3901,-5.5962
1.796,5.4522
-0.15251,5.858
-7.3105,0.017449
-5.7044,-0.86024
-2.9846,0.28619
-4.8134,0.46307
-4.4748,-0.41496
3.8365,-7.1881
0.55389,6.948
0.26096,6.8616
-3.5847,0.93069
3.2038,-3.991
-7.9529,0.064257
-6.1418,1.081
2.4315,7.1164
4.662,-7.3362
3.034,5.5466
3.6732,-5.9004
4.2515,-5.6734
-7.0437,1.0855
1.9477,6.1956
4.5784,-4.9282
2.2274,7.3942
4.0327,-5.5418
4.0305,-4.1766
4.9125,-4.9912
4.9293,-5.8023
2.7356,-4.5275
-3.3402,0.12166
-5.7802,1.7234
-5.0542,0.45283
-5.2477,-0.64669
-5.5915,0.42107
-5.0741,-0.47205
-4.0896,0.12495
3.5055,6.4054
-5.2079,-0.33244
-5.187,0.16395
-6.3751,1.3924
2.7281,-5.5
-4.0823,1.4343
1.3536,5.2851
-2.3354,0.93983
5.3591,-4.9485
-0.46195,6.5314
3.7226,-5.0852
-5.6989,0.3177
4.1677,-5.346
4.2301,-2.722
0.5111,6.6787
1.2263,5.7399
-1.6951,5.4901
0.75223,6.2601
1.8234,6.5329
-4.3913,-0.86781
-2.8082,-0.12907
3.7571,-5.8763
-3.5678,-0.22325
0.9813,6.3249
0.66746,4.8767
4.1312,-5.0944
3.6081,-4.9233
-4.5096,0.36402
0.57328,5.8052
2.6548,5.0104
-3.4605,-0.2228
1.7382,5.1049
0.74947,6.5351
5.0781,-4.1144
-6.886,0.27461
4.57,-5.1869
-0.17309,5.886
3.2418,-4.1016
-4.9153,1.174
-3.2726,1.7633
4.6635,-6.1803
2.6883,-3.3074
2.834,-4.7037
4.6976,6.0757
2.7982,-5.1352
-0.29741,5.5683
3.794,-6.47
1.7895,6.7423
1.3494,5.3687
-5.9031,0.53467
4.4992,-6.2459
0.59957,4.6992
1.6981,6.2873
4.9253,-5.5594
-6.1933,-1.0965
-5.8795,-1.096
-5.8899,-0.22763
-4.7469,0.58129
3.4259,-7.3741
3.1948,-5.0617
-1.1718,6.3382
0.82683,5.974
4.1745,-6.0666
-5.4615,0.52179
-4.6779,0.37574
-5.469,-1.1625
-4.3825,-1.2046
4.6402,-3.8106
-5.5115,1.1921
-4.6474,0.016807
-4.5197,-0.097772
0.43199,7.585
2.8615,-3.1553
-6.3385,-1.3134
-4.2343,0.69425
-4.7078,0.03466
3.5864,-5.6048
4.0814,-4.792
3.5554,-5.2984
3.7636,-6.47
-3.8142,-0.16823
-3.9424,1.3105
1.4459,6.0158
3.4774,-4.388
5.6367,-6.0085
2.634,5.7059
-3.1479,-0.56961
-4.4072,-1.1812
-3.8034,-0.055674
2.1815,-7.3083
4.1024,-4.7673
2.4335,6.0922
5.7795,-5.4797
0.13724,5.6808
-5.5919,3.0417
2.4884,6.8153
-1.0423,4.9462
-3.6902,0.094929
-3.3641,-0.87264
-5.6109,-0.72491
-5.3207,0.26664
-3.127,0.82932
3.6499,-5.3779
-4.7123,-1.2127
0.43235,5.2126
4.2054,-6.5736
1.4397,5.945
-7.3369,0.58376
1.979,-4.7693
2.3764,-5.3939
2.526,-5.5306
-2.587,-0.34387
-5.6238,0.77559
-3.136,0.23268
-1.3196,5.5646
5.5669,-5.7132
-1.7785,5.8484
-1.6673,5.9944
-0.95994,6.9532
-5.314,0.29174
4.7726,-4.4023
-4.4356,1.4587
0.31556,6.5087
3.4275,5.1308
-3.2193,0.057603
-5.0533,-1.5025
3.4771,-3.4203
4.2605,-6.7302
1.2094,5.2838
-7.3415,1.7457
-5.0362,0.36472
5.903,-4.537
-4.8704,0.44115
3.1347,-5.2044
-0.15163,5.7506
4.4777,-5.2076
-4.7601,0.58825
1.8545,7.4633
4.8135,-4.1948
2.7744,-4.9982
2.7744,-5.3505
1.4206,5.4706
4.3452,-3.8833
4.6073,-5.2504
2.5701,-5.2468
-4.755,0.074745
-4.7454,-1.7073
5.0742,-2.8789
-5.1558,0.23863
3.5754,-5.7892
2.162,-5.4202
4.2259,-3.9811
-5.6675,-0.90332
5.2936,-3.8234
3.7351,-5.4477
2.6229,5.6422
-0.16506,5.6554
-0.53816,5.8464
5.4056,-6.2049
2.0694,4.3
-6.5325,1.1206
4.7507,-3.9424
2.6428,-4.5874
-3.5901,-0.90176
-2.7639,6.5542
-5.8247,1.4083
-6.3154,-0.25923
1.1976,5.2381
-4.1607,-1.7964
-5.4713,0.021516
3.1535,-4.4504
-0.98365,6.7531
3.9546,-5.5018
5.1949,-3.8666
4.5103,-5.7978
2.6024,-4.5426
5.3797,-5.2026
-3.8665,1.4149
-1.236,6.828
-3.6472,0.59852
-7.0338,-0.84397
-4.1905,0.5848
4.1927,-5.7614
2.6876,4.6967
2.3431,6.8972
-3.4666,-2.6663
-0.46391,5.1938
4.8666,-3.6923
-4.1012,2.4302
3.4143,-4.2482
-1.1902,5.0609
2.9875,-3.6129
3.0258,-4.4716
-4.1596,1.0513
-1.2624,5.7311
-4.3877,2.1564
-4.5124,-1.4594
5.087,-3.6627
1.7749,5.324
-1.6155,4.7325
1.971,-4.4026
-1.0077,6.4142
1.4867,6.5201
4.0235,-5.2178
3.4193,-5.4921
0.84115,6.2894
3.5508,-4.3775
3.426,-4.234
-3.6938,0.52364
-4.7883,0.9063
3.7214,-4.1102
-3.581,-0.83791
4.2427,-6.2404
3.2829,-5.9513
3.0599,-3.382
2.511,-4.6246
1.9491,5.6688
-0.091668,6.5863
-5.9647,-0.53506
-3.6867,-2.0864
-5.0346,0.75504
2.925,-4.6368
-3.3843,-1.4181
-6.2163,1.3802
-5.4224,0.27911
5.3418,-4.7737
1.1803,6.2675
-6.0002,-0.9946
3.5496,-3.6263
2.4138,-3.7544
0.86567,5.488
3.4612,6.4332
3.1141,-4.2859
-4.9398,0.61878
4.3058,-4.8264
-4.4129,-0.087746
3.8874,-5.4375
-6.5865,0.41146
-6.281,0.94587
0.37033,5.3465
-0.21227,5.0621
1.2197,6.0325
4.067,-5.2605
-2.9761,0.98721
3.6475,-5.828
5.33,-6.7119
3.2869,-3.7123
0.89713,6.2023
-0.72286,5.091
-4.2922,0.44883
0.7287,7.1821
3.2,-4.6638
-4.6099,0.22089
-6.7314,1.4181
-6.1302,1.952
2.1449,-5.9053
3.8447,-5.1774
3.6639,-3.1827
1.0071,5.7364
4.5404,-4.8433
3.4435,-1.7653
2.8374,-4.5194
2.9387,6.5907
-0.78973,5.9362
-4.4091,0.52333
2.0267,-4.2725
-5.288,2.3069
-3.8934,-1.2234
-3.1852,-1.383
-0.75074,4.5532
-1.8833,4.756
6.8518,-3.686
4.3817,-4.0183
-7.5338,1.5168
6.0481,-4.8347
-3.9217,0.046968
-5.3176,-1.1642
-5.7802,-0.1678
-3.8997,-0.37143
2.3077,6.7907
1.9282,5.2854
-6.2395,-0.34442
-1.0365,7.6692
-0.40382,5.9984
4.4107,-4.5544
0.16566,6.6839
0.02837,5.7448
-5.0388,0.42059
1.6316,5.4616
1.1544,6.7892
-4.2404,0.15129
-3.398,-1.0095
-4.2617,-0.69817
-5.7751,0.57918
2.5354,-7.0829
1.1203,5.402
4.9955,-4.8796
2.3892,4.6678
-0.6693,4.8718
-3.1341,1.9405
1.7331,6.6576
3.5794,-4.1622
3.6846,5.7361
5.2159,-5.2223
-4.5863,1.0888
1.6031,6.3491
2.2957,6.331
5.0298,-5.4336
4.6673,-6.7042
4.3521,-4.3488
-4.6296,-0.60707
2.5135,5.3646
-4.4944,-0.012775
-6.3395,0.47997
2.9581,6.0754
-0.63597,6.5409
-4.5164,-1.103
-3.0768,-0.23154
0.7877,5.9103
3.7959,-5.199
-0.17628,6.1535
-3.8741,-0.42745
0.12251,5.9195
5.836,-3.277
3.8672,-4.9213
-5.3332,0.35351
-1.5473,6.6471
1.7,5.2519
1.2272,6.694
-5.5834,0.32113
5.52,5.2906
2.7778,-5.1373
-6.9969,0.73283
1.8609,5.4908
1.0026,6.0421
2.736,-7.0342
-2.1702,5.4229
1.8354,6.316
-4.1614,-0.60728
-1.0601,6.5679
-5.6053,-0.14556
4.1449,-5.663
3.1799,-4.6611
-5.9052,-0.51824
2.3887,-5.9573
3.6623,-4.6094
-4.2946,0.38027
4.6405,-4.332
1.1963,7.108
-4.6333,0.39849
1.9697,6.7445
4.9643,-5.6307
-4.971,-0.31479
3.5191,6.5332
3.9205,-4.3229
3.2701,-3.3993
1.3729,6.4088
-1.15,6.2704
0.11884,6.106
3.503,-4.5603
2.5174,-5.2861
2.8456,6.552
1.1421,5.6031
4.2198,-5.8671
3.2286,-4.2825
3.3629,-5.7813
1.3965,6.082
-4.1824,2.1868
-4.3021,-1.5982
-5.9505,-1.5184
3.5246,-5.5652
3.7262,-5.3175
4.3714,-4.3545
3.9478,-6.568
1.8899,7.4363
5.2192,-4.4792
-6.3008,-1.5468
-5.1869,0.11386
-0.39611,6.4741
-3.6152,-0.69684
-4.6346,-1.1775
3.6107,-4.2189
0.17093,6.2425
4.5472,-5.5456
-5.9526,0.29387
-5.3007,-0.95665
2.8748,-5.9946
2.7973,-4.2985
-7.3529,-0.80088
0.14236,6.1297
-5.453,0.0019165
2.9713,7.2677
0.91312,4.295
2.0869,-6.8044
3.4646,-5.6526
3.9431,-4.3077
-6.5063,0.12433
-5.3278,-0.7165
-0.40277,6.0849
-5.9619,-1.398
-5.2329,-1.3496
-6.4519,1.3574
-5.2327,-0.69749
3.7431,-5.3813
0.56195,5.6525
2.2953,5.3126
1.4844,5.0007
2.6204,5.8721
0.4647,5.8593
4.3531,-4.7859
-5.0879,0.015
4.2754,-3.9024
-2.3546,5.6858
-5.1721,-0.77812
2.9316,-4.8025
-5.9927,0.79208
-5.6685,0.18743
-0.22244,6.2711
5.6104,-4.7337
5.0739,-5.2341
4.7069,-3.4252
1.1152,5.6323
0.19658,5.9448
2.5538,6.6734
3.6225,-3.5676
-1.2025,5.1871
1.3324,6.2853
-4.194,1.2476
0.64855,5.6833
-2.7786,5.8403
3.7183,6.3332
-0.48128,6.2162
1.456,6.22
5.4453,-6.2413
-4.7262,1.0927
-6.2798,1.0318
-5.4918,0.82331
4.6779,-5.6563
5.1615,-4.8056
2.1102,6.3877
-4.6556,-1.5168
3.2517,-4.9644
0.25717,6.3701
-4.9066,-0.41712
5.2115,-2.4932
2.5045,6.6606
3.8069,-4.2949
3.2843,-5.821
-2.6429,-0.48706
2.0638,5.7904
2.9896,-6.6437
-0.31252,6.4552
2.1199,7.1902
0.65531,5.4744
3.2772,-3.9579
-1.5942,6.1024
2.3918,-4.7768
-6.2812,0.92205
-3.876,-0.15501
1.8451,6.3104
-5.7688,-0.83046
3.6325,7.3348
3.3921,-4.048
-3.8021,0.77337
-3.5806,-1.0031
-5.0424,-0.37476
-5.1546,-1.276
1.6998,5.1209
0.41529,6.9618
-4.7144,0.75654
3.0402,-5.6727
-3.1713,-0.346
-6.0724,-0.63439
-0.60899,6.1391
1.0925,5.5238
-0.029786,5.4577
-0.38296,5.5732
-4.2273,-0.32074
0.14841,5.1675
-1.394,5.7659
-5.6599,-0.55249
0.72479,5.5242
4.8971,-5.7057
-4.7249,-0.1241
-5.543,-0.14999
1.3672,7.1296
1.2637,6.8432
5.5238,-4.1403
3.4707,-5.5108
3.8622,-4.905
1.3697,6.0002
-5.7276,1.9088
-0.43284,6.1453
-6.8453,1.267
-3.5551,-0.11139
-6.1193,-0.0743
3.0666,-5.6024
-4.1337,-0.37936
-0.69667,6.3215
-0.79566,6.7523
-5.4404,-0.013121
-4.4751,1.157
5.0372,-3.5066
-4.5481,-0.79366
2.6338,-4.8653
-6.2236,0.092426
5.3724,-5.7054
0.54147,6.5817
-5.1411,-0.37016
-6.1675,-0.48914
-5.7306,1.0802
4.6463,-4.8524
-4.8238,1.1106
2.0912,-6.1436
3.4507,-4.332
-0.03798,4.1043
1.1841,5.0695
4.3888,5.6307
-5.6973,0.71351
3.5922,-4.1242
-6.0554,-0.64614
-6.9519,0.8763
-0.37955,6.6287
1.389,6.7377
4.5251,-4.5759
-1.1795,5.4723
5.2393,-5.4006
-5.3175,0.085297
3.9317,-2.8254
-3.5715,-0.060633
3.4271,-4.7657
-3.6594,-0.39502
1.4063,-5.8482
3.3879,-6.0141
-5.2223,-1.3797
5.1157,-4.4143
3.262,-4.7104
-4.5475,-0.51639
0.34426,6.2343
1.7488,5.7919
-5.2147,-0.51071
-1.9844,6.2559
4.5879,-7.0472
2.4321,6.8677
-5.661,1.5269
4.3799,-4.8253
2.4628,-3.662
2.6391,5.6955
-4.7301,-2.6681
3.7608,-3.7121
4.8429,-2.8806
1.6686,7.4421
4.4818,-4.0264
-5.2662,-1.3034
-4.3023,0.66184
-4.1499,-1.9492
-5.2679,1.734
-0.10986,5.6299
-5.646,0.14086
-6.1766,0.95824
4.6383,-4.8103
2.876,5.6658
4.0504,-4.4107
1.1857,6.5349
3.0669,-2.8805
4.4724,-4.061
4.1852,-5.6203
3.7175,-6.8624
-4.5681,0.033061
-4.6845,1.9332
2.4598,-5.4911
4.0238,-3.9574
-4.5111,-0.42566
-3.3658,-0.26883
0.14108,5.616
3.1448,-7.2131
-0.87632,5.2276
-4.0373,0.27032
5.6187,-6.5882
0.55832,5.622
1.3594,6.8306
2.384,5.9239
0.10927,5.8337
-5.5759,0.85391
-4.4652,1.3624
1.5988,6.4204
-4.3654,1.0766
4.4572,-5.8264
5.808,-4.3605
-4.183,-0.97556
4.1063,-3.9393
-0.49507,5.5254
-0.67498,7.0654
3.7152,-3.988
3.4134,-4.6214
2.6323,5.4027
-5.0097,0.55343
-4.1222,-0.044205
3.424,-6.5353
3.6038,-3.2058
5.3984,-3.9754
2.8465,-4.0187
4.7208,-4.3869
-1.0477,6.9496
2.259,6.9694
-4.8301,-0.18594
2.7249,4.309
-5.4664,0.96491
0.34239,5.5735
3.8909,-4.3372
0.16449,6.0703
-0.87062,7.0176
0.08591,6.2767
5.4927,-4.5999
-3.9017,0.015207
-6.2286,0.45629
2.6358,-3.9631
4.31,-5.2976
2.0844,6.098
-6.3071,0.86756
-4.6018,0.3708
-5.2726,-1.4196
2.1662,5.2372
2.9742,-4.2038
-4.7157,0.82464
0.79427,6.172
-4.8859,-0.51842
-3.0481,-0.24512
3.4695,-3.3351
-6.4425,0.54466
-6.224,-1.0894
-1.0152,6.5114
-3.1501,-0.9524
0.39716,7.2468
-5.5479,0.43178
3.9678,-6.4186
-5.5136,0.26042
0.31805,5.6169
-4.8959,-1.0479
0.028157,5.5987
3.5036,-5.4456
0.22819,6.4531
4.3647,-5.4314
3.5821,5.5134
1.2382,6.4346
0.29165,6.0799
3.8442,5.3065
4.0159,-6.1915
1.3119,5.902
-4.4492,1.12
4.3241,-5.4034
3.9687,6.2806
2.7307,5.4691
2.5452,-5.2883
3.6471,-5.0477
3.4769,-4.8341
-5.742,0.33341
-2.386,5.964
-1.4242,4.8667
3.9659,-2.3386
3.9344,-3.5504
-4.932,0.86464
4.8106,-4.9657
-1.5532,5.8173
-6.6188,0.30981
-0.45145,5.0406
-4.6968,0.45419
4.1209,-5.3441
5.213,-4.0749
1.2483,6.5179
5.1566,-6.4571
2.5845,-6.0697
-5.5453,0.067536
-5.0122,-0.82803
1.3917,5.8545
2.8384,-5.6481
3.1835,-4.5177
-5.1469,0.81698
4.1747,-4.8758
2.7913,-4.8362
-4.1498,1.9829
4.2348,-5.4959
-3.4191,-0.067684
2.5556,6.9103
-0.012343,5.3784
2.4803,7.1913
-3.6056,0.80067
-5.6651,-1.2084
-4.0979,-0.026898
1.2191,5.7494
4.39,-5.7865
3.8523,-6.1716
-5.5409,0.68446
-4.9143,-0.034092
0.86579,5.4717
-6.6949,-0.03511
3.5793,-6.3175
-5.2387,-0.9109
-5.4743,-1.3807
1.3509,5.4705
-4.5894,0.69144
-5.3445,-0.61747
5.6521,-3.8019
3.7225,-3.6345
4.7065,-3.9432
3.4566,-5.6891
2.5583,5.5023
-4.5274,-1.8986
5.2083,-4.5956
2.0902,-5.985
0.53549,5.9006
-3.9299,-0.31875
-4.051,0.19694
3.4892,-5.2472
-0.14274,5.9133
4.0035,-5.5119
0.46662,4.4127
-4.8004,1.6932
2.0073,-5.2047
-4.5003,0.29797
3.0337,5.6628
2.009,5.7423
-0.51646,7.2289
7.0918,-6.3476
3.7798,-5.3744
-5.7936,-1.0799
-5.7832,-0.48449
6.2167,-5.0659
1.5741,6.5228
-0.30687,5.4032
3.1832,5.5285
-1.8214,7.7139
-1.2856,6.6512
4.6528,-5.8379
2.1591,6.6859
0.24272,6.5606
-6.5193,-2.274
1.5591,5.226
0.2402,5.4531
-4.6467,-0.068838
3.8955,-3.5379
-5.0291,1.033
-5.4422,1.2291
2.52,-6.6058
-4.9347,-0.76114
1.2179,6.0146
-5.7394,-0.44852
-6.4086,1.1008
3.469,-6.7788
-4.2386,0.8276
-1.9458,6.6283
-4.7681,0.33225
-5.296,0.99147
-4.2964,0.4251
-7.0037,0.28438
-0.072184,5.6129
1.1011,5.9417
-1.0858,6.3136
4.2399,-3.426
1.9717,-4.5279
0.69233,6.9862
0.59935,6.9045
0.11025,5.6275
-4.6667,1.4257
1.064,5.872
3.431,-5.6795
4.5841,-4.9599
-5.0123,-1.5701
4.7843,-4.7475
-5.1686,-2.0842
-4.4435,0.66994
3.8768,-4.6031
1.0033,5.5145
-3.2965,0.24966
2.7836,-4.7369
2.6647,-4.9444
4.0505,-4.573
-0.14258,5.5866
4.1538,-5.9555
-4.2678,-0.25078
0.92664,5.796
-3.8132,0.27566
2.4546,5.6237
-6.3068,-1.5042
5.787,-5.7452
-4.6097,0.69652
-4.93,-0.35437
-5.1737,1.2435
-5.2953,0.52379
-4.4938,0.39857
-4.3292,-0.90965
-4.4916,-0.46193
-4.3431,-1.6441
-4.7375,-1.1387
-5.4108,0.63501
2.2903,5.2984
-5.3401,-1.1341
-0.68266,5.846
-5.0554,0.84145
4.4536,-4.706
-6.0273,1.3729
2.9489,5.0799
4.0377,-4.7024
4.1066,-4.9465
3.7469,-3.2579
1.7506,6.6348
3.3713,-3.9566
3.4445,5.9118
4.94,-4.0634
3.8196,-4.2028
0.62136,5.6613
1.787,7.2659
4.125,5.7452
-5.2596,0.92449
4.2561,-6.2105
0.69459,6.6123
-4.749,-1.4665
1.4953,5.7063
4.3335,-3.7059
3.3606,5.621
2.1627,5.2568
1.2519,6.9269
-4.8919,1.635
3.8765,5.9278
-5.3313,-0.67763
-4.9337,-1.5393
-5.5047,-0.83
3.1232,-5.7832
2.9815,-4.7711
-5.4924,0.2971
-5.0468,0.50267
3.4533,-5.0814
1.8254,-6.4681
-4.8643,0.66136
2.055,4.5299
4.5915,-6.0665
-2.023,6.6076
0.77084,5.7419
4.7932,-4.52
-0.067584,7.2444
5.3337,-4.1804
2.4055,-4.0439
-5.2761,-0.23624
5.1685,-3.6297
-4.9925,0.36762
2.5177,-3.8605
-0.47831,6.8641
0.054292,4.6605
3.3504,-5.3514
3.7794,-5.5464
0.45029,6.5717
2.3005,-2.5912
4.5265,-5.1891
4.0036,-6.1923
2.7341,6.9626
-5.265,-0.20363
-1.1758,5.1014
3.9112,-7.1168
-6.3546,0.42303
-0.3167,6.9796
-3.082,-0.12958
2.5086,-4.3872
4.4913,-3.8754
-5.3521,-0.52115
3.5818,-4.3222
-4.5923,-0.098576
-4.6965,0.38867
5.4607,-5.0429
-2.1349,5.8714
5.3858,-5.6852
-4.4379,1.7438
-4.7865,0.34839
-4.5428,-1.2134
3.2183,6.975
3.8717,-5.1221
-1.3753,6.0794
-0.13274,5.1686
3.5993,6.4126
-4.6175,0.13337
4.186,-3.9875
1.2915,6.2085
-5.1291,0.38226
3.4601,5.6544
-6.4449,0.69467
-6.0578,-0.67209
-5.2423,-0.81582
-3.4223,0.77576
0.98043,5.798
-4.1616,-1.093
0.53344,5.1924
0.29004,6.403
-1.5074,7.1247
0.8664,5.3636
-4.5484,-0.15347
-4.8876,0.27757
-4.4836,0.93062
3.2581,6.4346
-4.7907,0.36427
2.3773,5.9487
5.1873,-3.4971
5.3241,-4.1994
4.1026,-4.0841
-4.3198,-1.2527
2.0056,5.4977
-0.99496,6.2322
2.7574,5.2884
-7.0398,-1.1806
2.8852,5.4466
6.3321,-5.0994
-5.5891,0.5677
-4.5888,-0.62362
2.7093,5.8082
-0.33972,5.0077
4.8342,-4.9411
5.3029,-5.5144
3.5382,-5.0469
-5.422,0.37275
-4.7273,0.79487
-3.7227,0.68694
2.5673,-4.537
-5.8182,1.3318
5.0801,-3.2038
-3.7509,-1.2847
4.6126,-4.376
-4.4298,1.6624
-5.2407,-0.93344
2.2437,6.0218
3.6099,6.043
3.5813,6.8978
4.7158,-3.4282
1.4157,7.3308
0.66602,6.7579
-0.78047,5.9892
1.1706,6.1144
0.79628,6.4856
3.1776,-5.6177
-5.2089,-0.021048
1.6729,6.0842
3.3887,-4.215
0.48958,6.2259
1.2172,5.5115
2.2857,5.683
-7.1546,0.1665
2.085,6.8282
3.442,6.1985
-4.1977,1.5749
2.2401,5.5308
2.0125,6.2665
-3.5231,0.45988
-4.1599,-0.081016
-6.1139,-1.592
5.1018,-3.6949
1.1236,6.2303
3.5896,-4.1957
-5.4955,-0.48292
-0.050958,6.4419
-5.9725,1.2664
5.5446,-4.168
-6.5006,0.20485
1.3416,6.1197
-1.5494,5.2732
-5.6785,-1.5325
3.2156,-4.8711
-3.8825,0.52998
-4.8035,0.63842
5.9471,-6.7205
-5.4209,0.498
-0.11808,4.8501
2.3482,6.8163
2.2656,-4.7679
0.14004,6.0659
1.5623,-6.0412
-3.8661,-2.161
4.2097,-4.9178
-5.6705,-0.015271
5.8233,-4.345
-4.0593,0.38624
2.2602,5.0064
-5.7504,-1.0494
-4.7714,-0.73565
5.0276,-5.7535
2.0371,5.728
5.1158,-4.0983
3.7781,-4.4515
-4.2527,-0.81196
4.195,-5.9525
1.5652,5.0598
4.2914,-4.1975
2.7648,-5.6536
5.6208,-6.9611
0.54886,6.4977
-5.7011,-1.9554
3.6204,-5.4609
4.466,-4.8595
3.652,-5.3382
2.0276,6.904
-3.8813,-0.11043
5.8561,-4.945
1.2005,5.4847
5.5291,-3.696
-3.7493,1.2492
4.7195,-5.1749
3.6067,-5.1016
-4.3396,-0.43966
2.7219,-5.2094
4.3014,-6.0948
0.6657,6.0966
-5.4893,-0.38898
-4.7077,0.73221
5.1338,-5.0671
2.7548,6.9152
-3.588,1.638
-5.0164,1.1981
3.8649,-4.1793
-6.4426,-1.4207
2.5425,-5.3411
6.02,-5.7529
2.8599,6.4735
2.7476,-5.4419
5.5938,-4.3205
-5.0945,-2.0421
4.7642,-5.0677
4.7576,6.022
4.258,-4.4197
2.4624,5.8403
4.1146,-5.3777
-5.9711,0.77347
-4.2651,0.070518
1.3699,6.3904
-2.5821,5.9192
-0.60736,6.3071
4.4077,-5.3679
3.5825,-4.8901
-0.29534,5.5657
-4.9626,-1.0433
4.5261,-4.7485
4.5434,-4.9017
-0.029048,5.8771
-6.5452,1.0639
2.0764,6.8525
1.4432,4.8484
-5.2162,0.41105
1.6672,6.3888
1.1911,5.3669
0.81246,6.1558
-3.6519,-1.4193
1.5769,5.8618
0.61421,6.8381
-1.8636,5.9005
-0.36506,6.5731
2.7915,5.1509
4.9158,-5.9622
2.9281,-4.7381
-4.2375,1.1212
4.2378,-5.1517
-4.4467,0.87151
-6.591,-0.3235
3.8685,-5.8182
5.9211,-3.7876
-5.6138,1.922
2.2358,-6.4022
4.6567,-5.8697
3.4255,-3.9713
-1.3611,5.7855
3.3165,5.5196
2.9471,-4.3977
5.3115,-4.9461
0.5321,6.0627
0.091459,5.8356
4.9498,-5.0193
4.8818,-4.1553
1.3198,4.9383
0.46563,5.5442
2.6835,6.4011
-3.9356,-1.5238
-4.4809,-0.19778
-5.1282,0.11944
6.2029,-3.369
-0.66818,5.684
-1.9575,6.7867
-4.4073,0.24314
-4.6029,-1.7831
4.6796,-5.1433
2.7929,-3.8982
3.9778,-4.6503
2.9768,-6.4564
2.0598,5.3257
-0.40239,6.5268
3.018,5.3917
1.5288,6.2481
-6.0621,-2.0326
4.3312,-5.2129
3.9088,-5.3472
0.59793,5.388
1.6769,5.9113
1.0719,6.5415
4.5542,-5.7694
-5.4268,-1.2195
1.5826,5.7309
4.7866,-5.1058
5.6211,-4.9431
3.4492,-3.8387
4.6709,-5.7772
1.5032,5.6761
-7.1567,0.11006
2.8793,-4.6139
1.364,6.6234
5.0521,-6.3209
4.9708,-4.2771
-0.50367,6.5303
1.7389,6.0529
0.69334,5.1405
3.2437,-4.898
-3.4235,0.10243
4.0028,-5.6985
-6.2608,0.84156
-5.6794,1.6505
5.8937,-5.7473
-0.49346,5.7265
-4.5387,-1.2442
-5.7989,-0.046696
2.6421,6.1549
2.56,-3.7252
4.3159,-3.8671
-4.9485,1.1795
-5.734,-0.30114
3.0061,-3.7482
3.8076,7.1214
-4.8639,-0.79635
2.8491,4.4789
-5.0646,-0.88064
1.6659,6.8082
0.55339,6.43
-3.7831,0.65517
-5.8836,1.1997
1.3444,7.2221
-3.8313,-1.6462
3.1335,-5.4731
1.1048,6.3898
1.615,5.7491
-5.1966,0.21762
4.8599,-4.3331
4.5338,-5.0975
-3.7999,0.36832
-5.2966,0.64176
5.0353,-4.4316
-3.3346,-0.67497
0.63613,6.84
-0.33924,5.9293
1.3838,5.3088
5.3966,-4.2077
-5.0565,2.5923
-4.8733,0.084134
2.7172,-2.9075
-0.20419,6.811
3.2086,-4.9878
-6.4687,0.21008
-4.8473,-1.2163
0.33526,6.0958
-5.905,0.016227
3.0349,-5.1933
2.4972,5.8116
-4.3189,1.0956
-4.9285,0.33861
-5.5303,-1.0761
4.1639,-6.0714
5.5017,-5.2638
4.1208,-4.305
-3.4148,0.044844
0.23007,5.8404
3.6422,-5.4976
-5.2703,1.3729
1.4315,5.3736
-5.7868,-2.0349
4.1393,-4.8253
-5.1243,-0.2316
2.6501,-7.549
-4.7901,0.16121
3.204,-6.6753
-5.7489,-0.62409
0.66758,6.8136
0.033957,4.7842
-6.0707,0.88119
1.0171,6.4942
-6.4211,-0.1153
0.79087,6.3913
-0.0013327,6.1934
4.0623,-4.5707
-5.1183,1.5426
-5.8517,0.044442
-5.3363,1.2064
-4.7138,-0.92335
0.15383,6.4962
2.9012,-3.6167
3.0121,4.7636
-3.9366,0.082447
-3.8002,0.43408
2.7662,-5.6571
1.9581,6.5295
6.2103,-4.6411
4.6383,-7.2595
3.0599,-6.6225
-5.0633,-1.1985
3.0675,-4.2878
1.9337,5.6203
3.6081,-4.4981
-4.3611,-1.1903
0.4593,6.5398
-6.8252,-1.5825
3.1556,-3.0316
-4.512,4.0329
-4.7365,-0.034103
-5.3563,-0.4403
0.63395,4.3188
2.8232,-3.2916
-1.3255,6.3893
1.6331,4.4738
-4.1958,0.68403
-0.5592,5.7837
5.6517,-6.0131
4.6478,-5.714
2.581,6.6028
-5.9486,-0.031985
-4.4909,0.22366
4.1479,-4.3969
4.2314,-4.9383
3.0233,-4.549
3.3355,-4.5893
4.1523,-4.8471
3.1057,-4.5504
1.2462,6.5347
5.0657,-4.4343
2.5742,-4.1748
0.73029,5.6654
4.6634,-6.0675
-5.3918,-1.2041
-6.8265,-0.23108
0.97652,6.4377
1.3723,5.552
-4.2865,-0.92171
3.4153,-5.4276
-4.9082,0.15765
5.2614,-4.1849
-6.255,-0.43699
4.4802,-4.1292
-5.2037,-0.72767
-5.0126,-0.41806
-0.15368,5.9084
0.35479,6.3449
3.2366,-4.2512
3.8905,-6.2747
-5.147,0.99452
2.357,6.4569
-4.1652,0.61627
-2.0846,5.5357
4.1099,-4.3185
4.831,-5.1006
-5.5121,-0.49379
3.293,-4.7993
4.6146,-4.2732
2.2134,5.841
-3.843,0.42538
2.4918,4.797
-4.0726,-0.38968
1.6433,5.8991
2.0481,5.7984
-5.873,-0.22858
1.6376,6.9842
2.4229,6.0873
3.6547,-4.5672
4.7394,-5.6211
4.957,-3.623
5.9143,-6.3756
-4.9597,-0.57208
0.96589,6.353
3.1183,-5.9714
-5.0303,-0.24653
-5.8007,-1.4768
3.3952,-5.1655
-5.0971,-0.83158
5.961,-4.3725
3.255,-6.8526
-5.2076,-0.95639
3.9999,-7.4546
-6.3749,-1.2447
-2.6791,0.81077
-0.47988,6.0497
-4.6364,-0.0090397
3.7856,-3.4335
0.53341,6.1592
5.1047,-5.325
-4.9449,-1.9087
-3.9958,-0.80275
4.4827,-5.886
1.4967,-3.3659
2.5373,5.5754
1.76,6.3358
5.2925,-3.0982
2.5596,-4.1791
-6.9244,-0.82822
0.16573,5.7176
4.1346,-4.164
4.3332,-4.4969
-3.1372,1.1726
-8.0943,0.53114
2.9493,6.2289
1.1692,7.1295
4.4954,-4.4243
5.456,-5.3223
-1.1118,6.4115
2.2702,-5.0058
4.5996,-5.1267
1.6145,6.308
-5.8214,1.2827
2.678,5.46
4.6873,-4.8304
-5.0006,-1.057
5.7253,-4.5314
3.1673,6.952
-6.8679,-0.11456
3.4694,-4.9708
0.84129,5.9564
-0.11849,5.4309
-0.93567,5.5197
-5.7443,-1.1502
3.1395,-5.8326
-3.6394,1.0952
1.4183,6.7311
-4.9009,-0.41569
3.3582,-5.2836
-4.5468,0.66117
-4.8949,0.68707
1.8075,6.7155
3.6553,-5.2843
2.1042,6.7822
-4.2601,-0.47697
-5.2289,0.7726
5.0742,-5.8154
-6.4063,-0.13109
-4.2497,-0.22084
3.888,-5.1615
-5.7747,-1.1843
0.45234,5.3603
-5.857,-1.6813
3.5021,-5.4638
3.9515,-5.9862
3.2668,-3.5913
0.52625,5.4996
0.22589,5.7909
3.9315,-4.9045
1.2017,5.4667
4.9238,-6.8569
0.35474,5.6374
-6.5976,0.89064
-5.2425,-0.71869
1.9486,5.4142
-3.024,-2.6471
3.2642,-4.6981
3.0403,-5.0748
-4.9147,-0.35696
-6.1567,-0.6837
-5.4562,-0.47925
0.84744,5.6091
-0.030081,6.0781
-5.0228,-0.33088
4.6917,-4.5849
3.6553,-4.2485
-4.4097,-0.17795
1.3644,6.1301
4.3258,-6.1248
5.4444,-2.9767
1.9688,4.6831
4.2836,-4.5131
-6.2596,-1.9011
-4.7905,2.2352
2.4471,-6.215
2.021,5.9651
2.0074,-5.7195
-2.0451,-1.7464
2.9442,-5.2079
-5.2191,0.074491
3.1426,5.5312
-4.991,0.10722
-5.383,-1.698
-6.0098,-1.1178
-4.4087,-0.34991
2.398,6.0755
4.2219,-3.8713
3.1572,-3.5606
0.61088,6.6228
1.3815,6.2573
1.8153,4.9945
-0.68109,5.5871
2.4014,4.7945
2.9889,-4.7928
0.11928,5.9794
3.9981,-4.5687
4.1502,-6.0426
5.8638,-4.6712
4.1557,-7.5645
3.2495,5.2666
-4.5201,-0.16277
-5.2286,1.9997
-4.6178,0.73067
3.6986,-4.8487
3.8785,-3.6706
3.3563,6.086
0.48934,5.5349
-5.4931,1.9514
-0.7434,5.7941
1.6962,-6.1315
0.14024,5.0861
3.7649,-5.098
-5.5342,-1.4095
-4.7631,-0.17873
3.2504,-5.8202
0.45545,5.7233
-6.8448,-1.1371
1.9483,5.5774
1.3479,6.8184
3.9262,-4.7546
-3.4998,-0.12149
4.8273,-5.1373
4.2852,-5.7042
-4.3047,-0.74615
2.0024,-2.8968
2.642,-5.4958
1.8469,6.4787
3.1605,6.826
0.91631,6.5301
-5.3329,-0.16256
0.86286,6.8801
0.28668,5.7424
0.13323,5.2983
1.5548,6.9489
1.1156,-6.9971
-5.8017,-0.43722
3.4636,-5.3363
2.4494,-5.9146
1.889,5.5496
3.4215,-5.8753
-4.6737,0.13269
0.4839,6.6445
3.0155,-3.5524
0.80073,6.2506
-2.8145,0.55193
-4.6677,1.0005
0.5328,6.4238
1.0013,6.9377
0.052153,5.5461
3.2488,-6.7032
4.9801,-5.5476
-6.1998,-0.35059
5.5546,-5.7383
-3.3097,1.1275
-5.7644,-1.0893
-5.8776,-0.32079
-5.2586,0.42845
0.60254,4.8532
5.8402,-7.658
6.1279,-3.9022
-5.3523,1.4402
2.5334,6.3176
2.958,-3.0917
-5.3219,-0.54795
-5.6775,-0.82308
-6.3507,1.1005
-4.5317,0.60617
3.6818,-4.7855
-4.6856,0.34539
6.2742,-5.7291
-2.8619,5.283
0.41742,4.7657
4.3757,-4.138
-5.4738,0.73039
-4.1137,1.5731
-1.1734,5.8479
1.996,-4.8144
3.9789,-5.1106
-2.4329,-0.26929
3.1678,-4.0014
-5.1198,-0.10209
1.7518,7.0855
-6.2089,-0.52079
2.5069,5.0909
-4.7091,-0.0088534
-3.4955,-0.66159
5.716,-7.068
5.5379,-4.1745
4.4891,-3.7172
-3.4083,-0.77293
-4.618,-0.64766
2.6803,5.8894
-5.1753,-0.84396
-7.0299,1.8151
1.5225,6.01
-2.9932,0.66112
2.6809,-4.3282
-4.8895,-0.42876
2.2545,5.1169
-5.412,-0.89612
1.1939,6.3813
-4.8142,-0.23933
-3.7665,1.0501
2.8145,4.9596
-2.6169,6.5815
-5.0697,-1.1598
5.0445,-3.5026
-1.555,5.5416
-4.6431,-0.65512
0.1771,5.3664
-3.7652,1.1589
1.6548,5.4093
-6.0525,0.50496
4.6825,-4.8757
-5.5414,-1.8317
-5.0402,-1.3574
2.4663,6.3742
3.3583,-3.7924
-4.2405,-0.26522
3.3128,-5.4606
4.8563,-5.2014
2.9263,5.9306
-5.2898,-0.56406
2.7145,-3.5057
-1.595,6.6998
2.3891,-4.7167
2.7588,5.7032
-6.2741,-1.3653
2.7618,-4.9883
3.7069,-4.5874
-3.7765,-0.011435
-5.7168,-0.026679
4.5006,-5.0085
-5.4808,0.21872
-3.7961,0.79807
3.6246,6.0856
-4.0292,-1.1091
1.0622,5.2712
-0.95123,8.1709
1.9687,-4.5101
5.2785,6.9808
-4.7663,-0.95392
3.9964,-6.3763
-5.0139,0.9728
2.7414,-6.305
-6.7227,0.02953
4.5702,-8.2043
4.2102,-3.829
4.2149,-5.0263
-0.20518,6.1147
4.9352,-4.9399
1.7977,5.963
0.49436,6.4807
-5.7803,-0.69384
4.0416,-6.1986
1.1887,6.3336
2.9516,-5.2779
4.6075,-4.1741
-5.1336,-1.0888
-4.9749,0.63777
-4.7309,-0.2331
-5.055,0.076806
-5.1879,-0.90435
-4.9833,1.6936
3.6398,5.5506
-5.9525,1.0169
5.4722,-1.5171
-0.022335,4.6046
3.4733,-4.8461
2.3826,-4.671
3.5136,-4.5916
6.5301,-5.607
-5.1475,0.12846
-5.9762,0.33145
2.5546,6.4882
-4.5616,0.67648
3.6833,-4.7704
-4.8268,1.1939
-6.3119,-1.4799
